0 1
0 2
0 10
0 73
0 85
1 9
1 30
2 11
2 18
2 43
2 54
3 4
3 5
3 16
3 29
4 36
4 37
5 6
5 36
6 7
6 8
6 16
6 17
6 29
6 48
6 67
6 75
6 77
7 8
7 9
7 45
8 9
8 17
8 30
8 67
9 10
11 12
12 13
13 14
14 15
14 21
14 23
14 27
14 31
14 32
14 41
14 47
14 55
14 56
14 57
15 34
15 44
16 36
16 38
18 19
18 59
18 64
19 20
20 21
21 22
21 28
21 47
22 23
22 27
22 31
24 25
24 26
24 46
26 27
27 28
28 63
30 45
30 61
30 77
32 33
33 58
34 50
35 39
35 50
35 51
37 38
37 49
37 68
40 41
40 60
42 43
44 51
45 75
45 76
45 78
48 49
49 53
52 53
53 70
59 74
61 62
61 76
61 78
62 74
64 65
65 66
65 80
66 67
67 72
68 69
69 70
71 72
71 81
79 80
81 82
82 83
83 84
