0 1
1 2
2 3
3 4
4 5
5 6
6 7
7 8
8 9
9 10
9 19
9 20
9 21
9 29
9 32
9 49
9 60
9 62
9 71
9 72
9 82
9 88
9 89
10 30
11 12
11 13
13 14
14 15
15 16
16 17
17 18
18 19
20 31
22 23
23 24
24 25
25 26
26 27
27 28
28 29
30 50
30 81
32 33
33 34
34 35
35 36
36 37
37 38
38 39
39 40
41 42
41 43
43 44
44 45
45 46
46 47
47 48
48 49
50 51
50 61
52 53
53 54
54 55
55 56
56 57
57 58
58 59
59 60
62 63
63 64
64 65
65 66
66 67
67 68
68 69
69 70
72 73
73 74
74 75
75 76
76 77
77 78
78 79
79 80
83 84
83 85
85 86
86 87
87 88
