0 18
1 46
2 9
2 10
2 18
2 31
2 35
3 4
4 5
4 19
5 6
5 32
6 7
6 25
7 8
8 9
10 11
11 12
11 22
11 36
12 13
13 14
13 24
14 15
15 16
16 17
17 27
18 23
19 20
19 26
19 34
20 21
22 23
24 28
25 26
27 30
28 29
29 30
32 33
33 34
33 83
33 92
37 38
37 39
37 77
38 75
39 40
40 41
41 42
42 43
42 78
43 44
43 45
43 76
44 45
45 46
45 55
45 76
45 78
45 97
45 98
45 99
45 101
45 102
46 57
46 62
46 63
46 64
46 79
46 80
46 84
46 85
46 86
47 48
47 55
47 99
48 49
49 50
50 51
51 52
52 53
53 54
54 56
58 59
58 60
60 85
61 62
63 64
64 65
64 79
64 81
64 82
64 83
65 66
65 81
65 87
65 93
65 94
66 67
67 68
68 69
69 70
70 71
71 72
72 73
73 74
77 100
79 88
84 92
88 89
89 90
90 91
94 95
95 96
102 103
