0 1
0 2
0 7
0 18
0 31
0 42
0 51
0 56
2 4
2 6
2 10
2 18
2 19
2 21
2 32
2 244
2 245
2 246
2 255
2 257
2 1008
3 4
3 22
3 62
4 7
4 253
4 1007
5 6
5 35
6 7
6 8
6 11
6 17
6 60
6 61
6 67
7 10
7 21
7 32
7 52
7 66
7 244
7 245
7 247
7 248
7 254
7 255
7 257
7 266
7 267
7 268
8 9
8 10
8 21
8 245
10 67
11 12
11 21
11 71
12 13
14 15
14 1200
15 16
16 17
17 66
19 20
22 36
22 41
22 53
23 24
23 25
25 26
26 27
27 28
27 59
28 29
28 59
29 30
30 31
32 70
33 34
34 35
37 38
37 65
39 40
39 41
40 419
41 55
42 43
43 44
44 45
45 46
46 47
47 48
48 49
49 50
53 54
54 55
54 816
55 230
56 57
57 58
62 63
62 718
62 734
62 745
62 779
62 781
62 823
63 64
63 723
63 739
63 740
63 747
63 779
64 65
67 252
68 69
68 269
69 70
71 256
72 893
72 1196
73 277
73 321
73 375
73 376
73 951
74 75
74 337
75 76
76 77
77 78
79 80
79 693
80 81
81 82
83 84
83 96
83 109
83 115
83 126
83 135
83 144
83 166
83 170
83 171
83 180
83 190
84 85
84 90
84 123
84 134
84 145
84 187
84 213
85 86
85 154
86 87
86 88
87 88
88 89
88 154
89 95
89 114
89 124
89 161
90 156
91 92
91 93
92 93
92 110
92 155
93 94
93 110
93 155
94 95
94 143
96 97
97 98
98 99
99 100
100 101
101 102
102 103
104 105
105 106
106 107
107 108
108 109
111 112
112 113
113 114
115 116
116 117
117 118
118 119
119 120
120 121
121 122
124 125
125 174
126 127
127 128
128 129
129 130
130 131
131 132
132 133
135 230
135 400
135 561
135 811
136 137
137 138
138 139
139 140
140 141
140 179
141 142
142 179
142 561
143 186
143 196
146 147
147 148
148 149
149 150
149 162
150 151
151 152
151 162
152 153
152 401
153 561
156 157
156 274
156 278
156 281
156 282
156 287
156 293
156 294
156 295
156 305
156 306
156 312
156 317
156 318
156 322
156 325
156 328
156 335
156 348
156 355
156 359
156 386
156 388
156 391
156 395
156 396
157 188
157 308
157 383
158 159
158 160
160 211
161 211
163 164
163 175
164 165
165 166
167 168
167 169
168 1151
172 173
172 174
175 176
176 177
177 178
180 181
181 182
182 183
183 184
184 185
188 189
188 308
189 271
189 324
190 191
191 192
192 193
194 195
194 392
195 196
197 198
198 214
198 1030
199 200
200 201
201 202
202 203
202 1189
203 204
204 205
204 1188
205 206
206 207
207 208
207 831
208 209
208 880
208 894
209 210
210 420
210 664
212 230
214 215
216 217
216 234
216 1152
216 1156
216 1157
216 1171
216 1172
217 235
217 1151
217 1156
217 1168
217 1178
218 219
219 220
219 423
220 221
221 222
221 423
222 223
222 424
223 224
224 225
224 424
225 226
226 227
226 422
227 228
228 229
228 419
228 422
228 425
228 464
228 465
229 411
229 419
229 421
230 808
230 809
230 810
230 812
230 814
231 737
231 738
232 233
232 234
232 1097
232 1152
232 1157
232 1158
232 1169
232 1171
232 1172
232 1173
232 1174
232 1175
232 1179
232 1180
232 1181
232 1183
232 1184
232 1185
233 1167
234 1168
235 236
235 1168
236 237
237 238
237 487
238 239
238 1204
239 240
240 1041
241 242
241 274
242 243
243 275
243 341
244 258
249 250
250 251
251 252
253 718
258 259
259 260
260 261
261 262
262 263
263 264
264 265
269 270
271 272
271 273
271 323
272 273
273 283
273 296
275 276
276 277
276 321
278 291
279 280
279 281
279 493
280 320
280 367
283 284
283 297
283 349
283 352
284 285
285 286
285 297
285 350
286 292
287 288
288 289
288 354
288 561
288 1021
288 1024
288 1030
288 1035
289 290
289 1009
289 1017
289 1019
289 1020
289 1023
289 1028
289 1029
289 1036
289 1038
289 1039
289 1040
290 394
290 562
290 1018
290 1026
290 1034
294 310
296 342
298 299
299 300
300 301
301 302
301 366
302 303
303 304
304 305
304 366
306 307
309 310
311 312
313 314
313 315
314 329
315 316
315 333
315 334
316 317
319 320
319 351
322 340
323 324
325 326
326 327
326 355
326 356
327 343
329 330
329 375
329 951
330 374
330 643
330 950
330 951
330 998
330 1107
331 332
332 333
334 335
336 337
336 361
336 399
336 705
337 338
337 384
338 339
338 399
338 694
339 362
339 367
339 384
339 693
339 695
339 701
339 711
340 341
341 378
342 385
343 344
343 356
344 345
344 357
345 346
346 347
346 357
346 358
349 350
353 377
353 378
360 361
360 382
360 494
360 504
360 681
360 706
360 707
360 708
360 709
360 712
362 696
363 364
363 695
364 365
368 369
369 370
370 371
371 372
372 373
373 374
374 1197
374 1199
376 377
379 380
380 381
381 453
381 454
381 644
381 665
386 387
387 397
389 489
390 1019
392 393
393 394
393 563
393 1027
397 398
402 403
403 404
404 405
405 845
406 407
406 420
407 408
407 420
408 426
409 410
409 1209
410 1206
411 412
412 413
413 414
414 415
415 416
416 417
417 418
418 419
419 420
419 421
419 425
419 426
419 459
419 648
419 892
420 443
420 446
420 482
420 826
426 445
427 428
427 445
428 429
429 430
430 444
431 432
431 433
431 863
432 661
432 662
432 825
432 826
432 828
432 838
432 844
432 850
432 853
432 861
432 865
432 871
432 882
432 895
432 905
432 906
432 909
432 910
432 919
432 927
433 434
434 435
434 863
435 436
435 876
436 437
436 837
436 848
436 864
437 438
438 439
438 837
438 848
438 851
438 864
438 891
439 440
439 849
439 852
439 857
440 441
441 442
441 857
441 892
442 443
444 446
446 447
447 448
448 449
448 468
448 659
448 687
449 450
450 451
450 647
450 655
450 670
451 452
451 667
452 453
452 484
452 485
452 675
453 483
453 644
453 653
453 657
453 686
454 455
455 456
456 457
456 466
456 676
457 458
457 654
459 460
460 461
461 462
462 463
466 467
468 469
468 505
469 470
469 506
469 529
469 581
469 608
469 617
469 626
469 636
469 638
469 641
469 1051
469 1056
469 1060
469 1066
469 1068
469 1079
469 1080
469 1092
470 471
471 472
471 552
471 642
472 473
472 1052
472 1081
473 474
473 691
474 475
475 476
477 478
477 479
479 480
480 481
481 482
484 677
485 656
485 666
486 487
486 1203
488 493
488 494
489 490
490 491
491 492
492 493
494 495
496 497
496 498
498 499
499 500
500 501
501 502
501 702
502 503
503 504
503 704
505 506
505 514
505 521
505 529
505 535
505 538
505 550
505 564
505 566
505 567
505 569
505 572
505 599
505 608
505 611
505 615
505 617
505 632
505 635
505 636
506 507
506 522
506 530
506 531
506 551
507 508
508 509
509 510
510 511
512 513
513 514
513 554
515 540
516 539
516 540
517 518
517 539
518 519
519 520
520 521
522 523
522 1098
523 524
523 683
523 1102
523 1201
524 525
524 541
526 527
526 591
527 592
528 529
529 594
529 1002
530 595
530 611
531 532
532 533
533 534
533 604
534 597
535 536
536 537
537 559
542 543
542 544
544 545
545 546
546 547
547 548
548 549
549 550
551 552
551 609
551 638
551 639
552 1052
552 1053
552 1059
553 554
555 556
556 557
557 558
558 559
559 1093
559 1105
560 561
560 1025
561 1010
561 1022
561 1033
562 563
562 1037
564 565
566 567
566 598
567 568
569 570
570 571
572 573
573 574
574 575
575 576
576 577
577 578
578 579
579 580
581 582
582 583
583 584
584 585
585 586
586 587
587 588
589 590
590 591
592 593
593 594
595 637
596 636
600 601
600 602
600 997
601 993
601 997
602 603
602 992
605 606
605 610
606 607
607 608
609 638
609 1051
609 1053
610 612
611 1002
612 613
613 614
614 692
616 1003
616 1104
617 618
617 1002
618 619
619 620
620 621
621 622
622 623
623 624
624 625
627 628
627 1052
627 1055
628 629
628 1082
629 630
629 639
630 1067
631 1002
633 634
634 635
640 1002
641 642
642 1051
642 1080
642 1081
643 928
643 932
643 938
643 949
643 953
643 962
643 975
643 976
643 981
643 982
643 991
643 992
643 998
643 999
643 1000
645 657
645 671
646 647
647 658
647 688
648 649
649 650
649 834
649 870
649 875
650 833
650 881
651 652
651 666
652 681
653 668
655 685
658 659
659 688
660 689
661 860
661 920
662 663
662 854
662 858
662 908
663 853
663 916
664 855
668 669
671 672
673 674
674 675
677 678
679 680
680 681
682 683
683 684
683 1049
683 1050
689 690
689 1083
690 691
694 695
696 697
697 698
699 700
699 711
700 710
702 703
703 704
707 717
713 714
714 715
715 716
716 717
718 719
718 724
718 733
720 721
721 722
722 723
724 748
725 726
725 755
726 727
727 728
727 729
728 729
729 730
729 744
730 731
730 758
731 732
731 744
731 760
732 733
732 780
733 759
733 798
733 823
734 735
735 736
736 737
738 739
740 741
740 747
740 820
741 742
741 756
742 743
743 757
743 769
743 778
743 786
743 797
743 818
745 746
747 756
747 820
748 749
749 750
750 751
751 752
752 753
753 754
754 793
758 798
759 760
761 762
761 763
763 764
764 765
765 766
766 767
767 768
768 769
770 771
771 772
772 773
773 774
774 775
775 776
776 777
777 778
780 798
780 799
782 783
783 784
784 785
785 786
787 788
787 928
788 789
789 790
790 791
791 792
792 929
794 795
795 796
796 797
800 801
800 802
802 803
803 804
804 805
805 806
806 807
807 808
809 815
809 817
810 813
818 819
819 824
820 821
821 822
825 826
825 866
825 888
825 889
826 827
826 836
826 856
826 890
826 895
826 919
828 829
828 877
829 836
829 844
829 918
830 831
830 832
831 880
831 925
831 1004
832 833
834 835
835 836
835 870
835 875
835 911
836 877
836 896
838 839
839 840
840 841
841 842
842 843
844 881
845 846
846 847
847 1107
850 896
851 852
852 891
853 854
854 855
859 860
861 862
864 876
866 867
867 868
867 881
868 869
869 924
872 873
872 878
873 874
874 918
878 879
879 926
881 907
881 1006
882 883
883 884
884 885
885 886
886 887
890 911
892 893
893 894
894 1192
897 898
898 899
899 900
900 901
901 902
902 903
903 904
904 905
912 913
913 914
914 915
915 916
917 1212
920 921
921 922
923 924
925 1187
929 930
931 935
931 936
932 933
933 934
934 935
936 937
937 952
938 939
939 971
939 972
940 941
940 971
941 942
943 944
944 945
945 946
946 947
947 948
948 949
950 951
953 954
954 955
955 956
956 957
957 958
958 959
959 960
960 961
962 963
963 964
964 965
965 966
966 967
967 968
968 969
969 970
972 973
973 974
974 975
976 977
977 978
979 996
980 981
982 983
983 984
984 985
985 986
986 987
987 988
988 989
989 990
993 994
994 995
995 996
1000 1001
1002 1094
1002 1098
1002 1099
1002 1101
1002 1103
1002 1106
1003 1103
1004 1005
1005 1006
1010 1011
1011 1012
1012 1013
1013 1014
1014 1015
1015 1016
1018 1019
1020 1021
1031 1034
1032 1033
1042 1043
1043 1044
1044 1045
1045 1046
1046 1047
1047 1048
1048 1049
1052 1054
1054 1055
1055 1082
1056 1057
1058 1059
1060 1061
1061 1062
1062 1063
1063 1064
1064 1065
1066 1067
1068 1069
1069 1070
1070 1071
1071 1072
1072 1073
1073 1074
1074 1075
1075 1076
1077 1078
1078 1079
1083 1202
1084 1085
1084 1086
1086 1087
1087 1088
1088 1089
1089 1090
1090 1091
1091 1092
1094 1105
1095 1096
1096 1097
1098 1102
1099 1100
1107 1109
1107 1113
1107 1122
1107 1130
1107 1134
1107 1137
1107 1138
1107 1146
1107 1150
1108 1122
1108 1123
1109 1110
1110 1111
1111 1112
1113 1114
1114 1115
1115 1116
1116 1117
1117 1118
1118 1119
1119 1120
1120 1121
1123 1124
1124 1131
1125 1126
1126 1127
1127 1128
1128 1129
1128 1135
1129 1130
1129 1135
1130 1134
1131 1132
1132 1133
1136 1137
1139 1140
1140 1141
1141 1142
1142 1143
1143 1144
1144 1145
1145 1146
1147 1148
1148 1149
1149 1150
1153 1170
1154 1155
1155 1156
1155 1178
1158 1159
1159 1160
1160 1161
1160 1170
1160 1179
1161 1162
1162 1163
1162 1165
1162 1166
1162 1170
1163 1164
1163 1177
1164 1165
1166 1167
1167 1175
1167 1176
1181 1182
1185 1186
1187 1188
1189 1190
1190 1191
1193 1194
1194 1195
1195 1196
1198 1199
1200 1214
1202 1204
1202 1205
1202 1207
1205 1206
1207 1208
1209 1210
1210 1211
1212 1213
1212 1214
