0 1
0 9
1 25
2 3
2 4
2 151
4 5
5 6
5 151
6 7
7 8
8 89
9 10
9 13
9 15
9 40
9 41
9 52
9 65
9 66
9 68
9 69
9 88
9 90
9 92
9 99
9 106
9 120
9 132
9 142
9 149
10 11
10 63
10 91
11 12
11 41
11 51
11 131
12 24
12 42
12 63
12 84
12 126
12 127
12 131
12 140
13 14
13 24
13 63
15 16
16 17
17 18
18 19
19 20
20 21
21 22
22 23
24 127
24 143
25 26
26 27
27 28
28 29
29 30
30 31
32 33
32 34
34 35
35 36
36 37
37 38
38 39
39 40
42 43
43 44
44 45
45 46
47 48
47 62
48 61
49 50
49 61
50 51
51 105
52 53
53 54
54 55
55 56
56 57
57 58
58 59
59 60
64 65
64 78
65 77
66 139
67 68
69 70
70 130
71 72
71 130
72 73
73 74
74 75
75 76
78 128
79 80
80 81
80 129
81 82
82 83
84 85
85 86
86 121
86 158
86 159
87 121
87 141
88 89
93 94
93 147
94 95
95 96
96 97
97 98
98 99
100 101
100 102
102 103
103 104
104 105
106 107
107 108
108 109
109 110
110 111
111 112
112 113
113 114
115 116
115 117
116 146
117 118
118 119
119 120
122 123
122 150
123 124
124 125
125 126
126 143
128 129
133 134
134 135
135 136
136 137
137 138
138 139
144 145
145 146
147 148
152 155
152 156
153 154
154 155
156 157
157 158
159 160
