0 1
0 2
1 66
2 3
2 14
2 32
2 36
2 40
2 76
2 90
3 4
4 5
5 6
6 7
6 9
6 52
7 8
7 39
7 54
8 9
8 92
9 10
9 38
9 51
9 56
9 91
10 11
11 12
11 91
12 13
12 23
12 33
12 55
12 57
12 58
12 67
12 77
12 81
14 15
15 16
16 17
17 18
18 19
19 20
20 21
21 22
24 25
25 26
26 27
27 28
28 29
29 30
30 31
31 32
33 37
33 49
34 35
35 36
37 80
38 39
40 41
40 53
41 42
42 43
42 44
42 53
43 44
44 45
45 46
46 47
47 48
49 50
51 52
54 56
58 59
60 61
61 62
62 63
63 64
64 65
65 66
68 69
69 70
70 71
71 72
72 73
73 74
74 75
75 76
77 79
78 79
82 83
82 84
84 85
85 86
86 87
87 88
88 89
89 90
