0 1
1 2
2 3
3 4
4 5
5 6
5 23
6 7
7 8
7 23
8 9
8 24
8 25
9 10
9 203
9 204
10 11
10 26
10 36
10 191
11 17
12 13
12 199
13 14
15 76
15 101
16 124
17 18
17 36
18 19
18 37
19 20
20 21
21 22
25 26
25 47
25 51
25 52
25 64
25 183
25 194
25 222
25 239
26 27
28 29
28 40
28 63
28 184
29 30
30 31
30 154
31 32
31 151
31 181
32 33
32 53
32 154
33 34
34 35
38 39
38 169
39 120
40 49
40 149
40 183
40 219
40 238
41 46
41 85
41 86
41 105
41 163
41 215
42 43
42 46
43 44
43 115
43 119
43 122
43 167
44 69
45 68
45 69
45 165
46 70
46 112
46 121
46 162
46 201
46 204
46 205
46 206
46 208
46 216
46 218
46 235
46 239
47 51
48 51
48 182
49 50
50 161
52 130
53 151
53 152
54 180
54 181
55 209
55 234
56 146
56 211
57 211
58 149
59 60
59 65
60 171
61 62
62 144
63 64
63 126
63 136
63 149
63 150
64 89
65 70
65 71
65 77
65 148
65 162
65 206
65 216
65 217
65 234
66 68
66 166
67 76
67 102
71 72
71 162
72 73
73 74
73 78
73 202
73 212
74 75
75 76
76 94
76 117
77 78
78 202
78 217
79 80
79 81
81 82
82 83
83 84
83 215
84 85
86 87
86 95
87 88
87 89
87 104
88 89
89 90
89 91
89 103
89 130
89 149
89 162
89 218
90 91
90 103
91 92
92 93
93 94
93 103
95 96
96 97
97 98
98 99
99 100
105 106
105 169
106 107
107 108
108 109
109 110
110 111
112 113
113 116
114 115
114 207
116 168
118 119
118 120
121 167
122 123
123 213
124 125
125 126
126 144
127 128
128 129
128 130
128 135
128 155
128 190
129 130
129 196
129 198
131 132
132 133
133 134
134 135
135 189
135 196
135 197
135 200
136 137
137 138
137 145
137 193
138 139
139 140
140 141
141 142
142 143
145 147
146 210
147 183
152 153
155 189
156 157
157 158
158 159
159 160
160 161
163 164
164 165
170 171
172 173
173 174
174 175
175 176
176 177
177 178
178 179
179 180
184 185
185 186
186 187
187 188
190 191
190 200
192 193
192 199
194 195
195 198
207 208
209 210
212 214
219 220
220 221
222 233
223 224
223 232
224 225
225 226
226 227
227 228
228 229
229 230
230 231
232 233
235 236
236 237
