0 1
0 2
0 8
2 3
3 4
4 5
4 8
4 17
4 28
4 29
4 31
4 33
4 34
4 42
4 43
5 6
5 9
5 44
5 121
6 7
7 9
7 10
7 482
8 44
8 168
9 88
10 11
11 12
11 481
12 13
12 479
13 14
14 15
14 16
17 18
18 19
20 21
20 22
22 23
23 24
24 25
25 26
25 54
25 324
25 530
26 27
26 55
27 28
27 163
27 518
28 44
28 528
29 30
31 32
32 34
32 35
33 44
35 36
36 37
37 38
38 39
39 40
40 41
42 44
42 310
43 121
44 45
44 63
44 64
44 73
44 87
44 104
44 112
44 113
44 126
44 134
44 139
44 144
44 154
44 158
44 159
44 177
44 188
44 189
44 196
44 202
44 204
44 209
44 213
44 220
44 224
44 231
44 240
44 241
44 258
44 260
44 261
44 265
44 266
44 267
44 283
44 294
44 299
44 305
44 310
44 314
44 323
44 327
44 351
44 361
44 373
44 376
44 378
44 387
44 389
44 390
44 391
44 393
44 404
44 405
44 412
44 421
44 438
44 444
44 453
44 457
44 462
44 471
44 483
44 491
44 492
44 495
44 496
44 504
44 506
44 507
44 514
44 515
44 516
44 519
44 521
44 525
44 529
44 533
44 535
44 536
44 537
44 538
44 540
44 544
44 549
44 550
44 552
44 559
44 560
44 561
44 562
45 46
45 135
46 47
47 48
48 49
49 50
50 51
51 52
52 53
54 55
54 517
55 163
56 57
56 58
58 59
59 60
60 61
61 62
62 63
64 65
64 66
64 443
65 66
65 125
65 178
65 179
65 190
65 195
65 222
65 350
65 374
65 441
66 67
66 74
66 153
66 180
66 208
66 282
66 293
66 345
66 532
67 72
67 74
67 118
67 125
67 178
67 190
67 195
67 296
67 350
67 374
67 441
67 493
68 69
69 70
69 456
69 531
70 71
70 88
70 219
71 72
71 74
71 205
71 219
72 95
72 119
72 137
72 153
72 190
72 223
73 430
73 505
74 75
74 88
74 95
74 105
74 114
74 119
74 153
74 180
74 203
74 293
74 304
74 360
74 392
74 455
74 513
74 520
74 534
74 539
75 76
76 77
77 78
79 80
79 81
81 82
82 83
83 84
84 85
85 86
86 87
87 218
88 89
88 115
88 120
88 194
89 90
90 91
92 93
92 259
93 94
94 95
94 223
94 494
95 115
95 375
96 97
97 98
98 99
99 100
100 101
101 102
102 103
103 104
103 391
103 461
105 124
105 142
105 205
106 107
107 108
108 109
109 110
110 111
111 112
112 113
112 498
114 115
115 116
115 392
115 520
116 117
118 119
119 120
119 194
120 121
120 360
121 292
122 123
122 124
125 153
126 127
127 128
128 129
129 130
130 131
132 133
132 134
135 136
137 138
139 140
140 141
142 143
144 145
145 146
146 147
147 148
148 149
149 150
150 151
151 152
153 178
154 281
154 478
155 156
155 157
157 158
159 160
160 161
161 162
163 527
164 165
164 166
166 167
167 168
169 170
170 171
171 172
172 173
173 174
174 175
175 176
176 177
178 179
181 182
182 183
183 184
184 185
185 186
186 187
187 188
188 189
189 431
190 191
192 193
193 194
193 502
196 197
196 558
197 198
198 199
199 200
200 201
202 508
205 206
206 207
208 439
208 441
209 210
210 211
211 212
213 214
215 216
216 217
217 218
220 221
224 225
225 226
226 227
227 228
228 229
229 230
231 337
232 233
232 234
234 235
235 236
236 237
237 238
238 239
239 240
241 242
242 243
243 244
244 245
244 346
245 246
246 247
247 248
247 347
248 249
248 348
250 251
251 252
252 253
253 254
254 255
255 256
256 257
257 258
258 336
258 420
260 497
261 262
263 264
263 265
267 268
268 269
269 270
270 271
271 272
272 273
273 274
274 275
276 277
276 278
278 279
279 280
280 281
282 407
282 442
283 284
284 285
285 286
286 287
287 288
288 289
289 290
290 291
294 295
296 297
297 298
297 349
297 350
299 300
301 302
302 303
303 304
303 349
305 306
306 307
307 308
309 310
309 311
309 541
310 548
311 312
312 313
312 541
312 542
313 314
313 556
313 557
314 557
314 558
315 316
316 317
317 318
318 319
319 320
320 321
321 322
322 323
324 325
325 326
327 328
328 514
329 330
329 331
331 332
332 333
333 334
334 335
335 336
337 338
338 339
339 340
340 341
341 342
342 343
343 344
346 347
351 352
352 353
353 354
354 355
355 356
356 357
357 358
358 359
361 362
362 363
363 364
364 365
365 366
366 367
367 368
368 369
370 371
370 372
372 373
376 377
378 379
379 380
380 381
381 382
382 383
383 384
384 385
385 386
387 388
393 394
394 395
395 396
396 397
397 398
398 399
399 400
400 401
402 403
403 404
405 406
407 408
408 409
409 410
410 411
413 414
414 415
415 416
416 417
417 418
418 419
419 420
421 422
422 423
423 424
424 425
425 426
426 427
427 428
428 429
431 432
432 433
433 434
434 435
435 436
436 437
437 438
437 550
439 440
442 443
443 519
444 445
445 446
446 447
447 448
448 449
449 450
450 451
451 452
453 454
458 459
458 460
460 461
462 463
463 464
464 465
465 466
466 467
467 468
468 469
469 470
471 472
472 473
473 474
474 475
475 476
476 477
479 480
481 482
484 485
485 486
486 487
487 488
488 489
489 490
490 491
493 494
498 499
499 500
500 501
503 504
505 524
506 507
508 509
510 511
510 512
512 513
517 518
522 523
522 524
525 526
527 528
542 543
543 544
545 546
545 547
547 548
551 552
553 554
554 555
555 556
