0 1
1 2
2 3
3 13
4 201
4 214
5 6
5 13
5 19
6 7
7 8
7 19
7 612
8 9
8 17
8 18
9 14
10 11
10 14
10 15
12 221
12 222
13 201
13 214
13 611
14 17
15 16
16 214
16 215
16 224
16 227
17 612
20 177
21 22
21 177
21 187
22 178
23 24
23 178
23 189
24 25
25 26
25 189
26 27
27 28
28 29
29 179
29 183
29 186
29 188
30 192
31 32
31 182
31 184
31 190
31 191
31 192
32 33
33 34
34 35
34 185
34 193
34 645
36 37
36 38
36 71
37 70
37 426
38 39
39 40
39 72
40 41
41 42
41 72
42 43
42 74
42 75
42 79
43 44
43 59
44 45
44 75
44 557
45 46
45 55
45 59
45 66
45 76
46 47
46 557
47 48
47 66
47 67
47 76
47 644
48 49
49 50
50 51
50 69
50 77
51 52
52 53
52 57
53 54
53 80
53 566
54 57
55 56
55 557
56 60
57 58
57 73
59 643
60 65
61 62
62 63
63 64
63 477
64 65
66 557
67 68
68 69
68 558
68 559
71 72
78 79
81 82
81 143
82 83
83 84
83 144
84 85
85 86
85 144
85 326
86 87
86 90
86 91
86 93
86 94
86 107
86 108
86 124
86 125
86 136
86 137
86 154
86 156
86 157
87 89
87 145
88 89
88 237
88 238
88 247
88 261
89 159
89 305
89 311
89 322
92 422
94 95
95 96
96 97
97 98
99 100
100 101
101 102
102 103
103 104
104 105
105 326
106 107
108 109
108 411
108 428
108 470
109 110
110 111
111 112
112 113
113 114
114 115
115 116
117 118
118 119
119 120
120 121
121 122
122 123
123 124
125 126
125 584
126 127
127 128
128 583
129 130
129 139
130 131
131 132
132 133
133 134
134 135
135 136
137 138
140 141
140 158
140 176
142 143
142 158
145 519
145 550
146 147
146 199
146 549
147 198
148 149
148 150
148 255
149 267
150 151
150 249
150 253
150 259
151 152
151 239
151 241
151 254
152 153
152 174
153 237
154 155
159 281
159 289
160 161
160 281
160 289
160 314
161 162
162 163
162 513
163 164
164 280
165 166
165 167
166 537
166 538
166 539
167 168
167 536
167 539
168 169
168 170
168 537
169 170
169 541
170 171
170 172
170 534
170 554
171 172
172 173
173 518
174 237
174 241
174 244
174 245
174 248
174 250
174 272
175 326
175 340
175 391
175 451
178 187
179 180
180 181
181 182
183 184
184 186
186 190
188 191
194 195
194 196
196 197
197 198
199 200
200 201
201 202
201 213
201 214
201 218
201 226
201 228
201 234
202 203
203 204
204 205
205 206
206 207
207 208
208 209
209 210
211 212
212 213
212 233
213 611
214 224
214 231
215 225
215 231
215 232
216 637
216 638
217 326
217 482
217 511
218 219
219 220
220 221
222 223
223 229
226 235
226 611
229 230
236 547
236 548
237 238
237 260
237 262
237 264
237 269
239 240
240 252
240 254
242 244
243 250
245 246
246 251
247 251
248 249
248 260
248 264
249 259
249 274
252 253
252 273
255 256
255 258
257 258
258 268
262 263
263 270
265 266
266 637
267 268
270 271
272 274
275 276
275 277
277 278
277 301
278 279
278 286
279 280
279 307
279 315
280 286
280 287
280 315
280 319
280 323
280 512
281 290
281 311
282 283
283 284
284 285
285 286
285 288
289 290
289 294
289 306
289 311
289 316
290 291
290 303
291 292
291 316
292 293
292 303
292 304
293 317
294 295
295 296
296 297
297 298
298 299
299 300
301 302
307 308
308 309
309 310
311 516
312 319
313 314
317 318
320 321
321 322
324 515
324 516
325 326
326 409
326 410
326 420
326 421
326 422
326 423
326 424
326 427
326 429
326 434
326 435
326 436
326 438
326 452
326 454
326 471
326 478
326 481
326 495
326 496
326 501
326 504
327 348
328 329
328 348
328 372
329 330
329 339
329 346
329 347
329 362
329 386
329 390
330 331
330 354
331 332
331 344
331 346
331 362
332 333
332 338
332 345
332 361
332 373
332 383
332 388
333 334
333 343
333 344
333 360
333 371
333 393
333 394
333 401
333 408
334 335
334 340
334 342
334 363
335 336
335 394
336 337
336 340
336 341
336 364
336 369
336 384
336 387
337 368
337 398
338 339
339 354
339 388
340 341
340 359
341 342
342 343
342 360
342 384
342 387
344 345
344 373
344 388
344 397
345 346
345 362
346 354
347 348
347 372
348 385
349 350
349 351
351 352
352 353
353 354
355 356
356 357
357 358
358 359
361 390
362 383
363 364
363 393
365 366
365 381
366 367
366 379
367 368
369 406
370 371
372 382
372 389
373 374
374 375
374 395
375 376
376 377
377 378
379 380
382 399
382 407
391 392
395 396
399 400
400 407
401 402
402 403
403 404
404 405
409 431
409 645
410 411
412 413
413 414
414 415
415 416
416 417
417 418
418 419
419 420
424 425
425 426
427 473
428 509
429 430
430 457
430 487
430 493
430 502
431 432
431 508
432 433
433 508
435 500
436 437
438 439
439 440
440 441
441 442
442 443
444 445
445 446
446 447
447 448
448 449
449 450
450 451
452 455
453 454
453 489
453 495
455 456
457 458
458 459
459 460
460 461
461 462
462 463
464 494
464 627
464 628
465 466
466 467
467 468
468 469
469 470
471 472
473 474
473 488
474 475
475 476
478 479
479 480
482 483
484 485
484 486
484 494
486 487
487 493
489 490
490 491
491 492
496 510
497 498
498 499
499 500
503 511
504 505
505 506
506 507
511 638
513 514
514 515
517 518
518 524
518 525
518 540
518 543
518 552
518 556
519 520
520 521
521 522
522 523
523 524
525 526
526 527
527 528
528 529
529 530
530 531
531 532
532 533
534 535
535 536
536 537
536 541
538 542
543 544
544 545
544 549
545 546
546 547
550 551
553 554
553 555
555 556
557 559
557 560
560 561
561 565
562 563
563 564
564 565
567 606
568 569
569 570
570 571
571 572
572 573
573 574
574 575
575 576
576 577
577 578
577 585
578 579
579 580
580 581
581 582
582 583
586 587
586 590
586 597
586 600
586 607
587 598
588 589
588 596
588 602
589 590
589 597
589 610
591 592
592 593
592 601
593 594
594 595
594 601
595 596
595 602
596 609
598 599
598 600
599 603
603 604
604 608
604 613
604 623
604 639
605 606
605 608
609 610
613 614
613 623
614 615
615 616
616 617
617 618
617 639
618 619
619 620
620 621
621 622
622 640
623 628
624 625
625 626
625 629
626 627
627 632
627 633
628 634
628 635
629 630
630 631
631 632
633 634
635 636
640 641
641 642
643 644
