0 1
0 6
0 7
0 8
0 12
0 14
0 24
0 25
0 28
0 29
0 30
0 41
0 42
0 44
0 58
0 60
0 76
0 84
0 86
0 87
0 88
0 89
1 8
1 15
1 25
1 33
1 43
1 46
1 51
1 56
1 82
1 280
2 3
2 4
2 57
3 9
4 5
5 6
5 57
6 7
6 28
6 138
8 52
8 59
8 65
9 10
9 13
9 26
9 62
9 365
10 11
11 13
11 32
11 139
11 366
12 13
12 53
14 75
16 17
16 18
18 19
19 20
20 21
20 258
20 259
21 22
22 23
22 337
23 24
26 27
27 61
30 31
32 139
33 34
34 35
35 36
36 37
37 38
38 39
39 40
42 43
43 85
43 107
44 45
45 77
46 47
47 48
48 49
49 50
51 52
51 74
51 301
54 55
54 56
62 63
63 64
65 66
66 67
67 68
69 70
70 71
71 72
72 73
73 74
77 78
78 79
79 80
80 81
82 83
84 85
90 91
91 92
92 93
93 94
94 95
94 347
95 96
95 107
95 109
95 124
95 125
95 130
95 137
95 138
95 161
95 175
95 192
95 203
95 216
95 218
95 231
95 240
95 250
95 252
95 255
95 272
95 273
95 277
95 279
95 285
95 288
95 302
95 319
95 334
95 343
95 344
95 350
95 351
95 354
95 355
95 356
96 97
97 98
97 108
97 124
97 125
97 136
97 138
97 160
97 185
97 201
97 202
97 215
97 229
97 231
97 241
97 251
97 270
97 272
97 273
97 278
97 284
97 287
97 302
97 309
97 318
97 335
97 338
97 341
97 342
97 345
97 348
98 99
99 100
99 241
100 101
101 102
102 103
103 104
104 105
105 106
107 354
108 174
109 110
110 111
111 112
112 113
113 114
114 115
116 117
116 118
118 119
119 120
120 121
121 122
122 123
123 124
124 159
125 126
125 230
126 127
126 332
127 128
128 129
129 333
130 131
131 132
132 133
133 134
134 135
138 271
138 310
139 140
139 362
140 141
140 142
140 361
140 368
141 142
142 143
142 360
142 361
142 363
142 364
142 367
142 368
142 369
143 144
144 145
145 146
146 147
147 148
148 149
149 150
150 151
152 153
153 154
154 155
155 156
156 157
157 158
158 159
161 162
162 163
163 164
164 165
165 166
166 167
167 168
169 170
169 171
171 172
172 173
173 174
175 176
176 177
177 178
178 179
179 180
180 181
181 182
182 183
184 185
186 187
186 188
188 189
189 190
190 191
191 192
193 194
194 195
195 196
196 197
197 198
198 199
199 200
200 201
203 204
204 205
205 206
207 208
208 209
209 210
210 211
211 212
212 213
213 214
214 215
216 217
216 330
218 219
219 220
220 221
221 222
222 223
223 224
224 225
225 226
227 228
228 229
231 232
232 233
232 331
232 332
233 234
234 235
235 236
236 237
237 238
238 239
242 243
242 244
244 245
245 246
246 247
247 248
248 249
249 250
252 253
253 254
255 256
256 257
257 258
259 260
260 261
261 262
263 264
264 265
265 266
266 267
267 268
268 269
269 270
273 274
274 275
275 276
280 281
281 282
282 283
284 322
286 287
288 289
289 290
290 291
291 292
292 293
293 294
294 295
295 296
297 298
297 299
299 300
300 301
302 303
303 304
304 305
305 306
306 307
307 308
310 311
311 312
312 313
313 314
314 315
315 316
316 317
319 320
320 321
322 323
324 325
324 326
326 327
327 328
328 329
329 330
333 334
335 336
336 337
339 340
340 341
345 346
348 349
351 352
352 353
357 358
358 359
359 360
359 371
360 369
360 370
362 363
364 367
365 366
369 371
