0 1
0 2
0 16
0 33
0 34
0 36
0 53
0 61
0 70
0 86
0 96
0 105
0 115
0 118
0 126
0 134
0 144
0 146
0 155
0 176
0 177
0 189
0 209
0 229
0 242
0 257
0 259
0 271
0 280
0 308
0 326
0 338
0 349
0 353
0 373
0 383
0 390
0 399
0 408
0 412
0 413
0 424
0 440
0 443
0 445
0 455
0 464
0 472
0 474
0 488
0 499
0 507
0 513
0 521
0 523
0 524
0 531
0 532
0 535
1 15
1 32
1 87
1 522
2 3
2 365
2 505
3 4
3 364
4 5
4 363
5 6
6 7
6 362
8 9
8 10
9 516
10 11
10 196
11 12
11 230
11 425
12 13
12 197
13 14
14 15
14 55
14 87
14 491
15 31
15 33
15 54
15 70
15 218
15 231
15 258
15 278
15 307
15 330
15 337
15 346
15 349
15 384
15 491
15 515
16 17
17 18
18 19
19 20
20 21
21 22
22 23
23 24
25 26
26 27
27 28
28 29
29 30
30 31
30 54
31 32
31 119
32 33
32 54
32 70
32 258
32 366
32 442
33 87
33 143
33 178
33 277
34 35
34 241
34 446
35 77
35 429
35 504
36 37
37 38
38 39
39 40
40 41
41 42
42 43
43 44
45 46
45 47
47 48
47 315
48 49
48 514
49 50
50 51
50 514
51 52
52 53
54 55
54 87
54 106
54 116
54 161
54 162
54 183
54 190
54 230
54 231
54 243
54 258
54 272
54 278
54 279
54 330
54 337
54 346
54 347
54 384
54 385
54 473
55 56
56 57
57 58
57 352
58 59
59 60
59 352
61 62
62 63
62 431
63 64
64 65
64 432
65 66
66 67
67 68
68 69
70 87
70 106
70 277
70 517
71 72
71 238
71 506
72 73
73 74
73 238
74 75
74 239
75 76
76 77
76 239
77 239
77 240
77 241
77 429
77 446
77 467
78 79
79 80
80 81
81 82
82 83
83 84
84 85
84 533
85 86
85 155
86 533
87 116
87 127
87 293
87 337
87 367
87 503
88 89
88 232
89 90
89 381
90 91
90 232
91 92
91 381
92 93
93 94
94 95
94 382
95 96
97 98
98 99
99 100
100 101
101 102
102 103
103 104
104 105
107 108
107 109
107 430
109 110
110 111
111 112
112 113
113 114
114 115
117 118
117 489
119 120
120 121
120 220
121 122
122 123
123 124
125 126
125 294
126 445
127 128
127 293
128 129
128 292
129 130
130 131
131 132
132 133
134 135
135 136
136 137
137 138
138 139
139 140
140 141
141 142
143 179
144 145
146 147
147 148
148 149
149 150
150 151
151 152
151 317
152 153
153 154
153 317
156 157
157 158
158 159
158 369
159 160
160 161
160 369
160 370
160 540
162 163
163 164
163 272
163 273
163 279
163 426
164 165
164 328
164 329
165 166
166 167
168 169
168 170
170 171
171 172
172 173
173 174
173 204
174 175
175 176
176 177
178 179
179 203
179 536
180 181
180 182
181 194
182 183
184 185
184 234
184 235
185 186
186 187
187 188
187 233
188 189
190 191
191 192
192 193
192 409
192 540
192 547
193 350
194 195
196 197
198 199
199 200
200 201
201 202
202 203
204 205
205 206
206 207
207 208
209 210
210 211
211 212
212 213
213 214
214 215
215 216
216 217
218 219
219 220
221 222
221 223
223 224
224 225
225 226
226 227
227 228
228 229
233 234
235 236
236 237
240 241
240 446
241 467
242 380
242 520
243 244
244 245
245 246
246 247
247 248
249 250
250 251
251 252
252 253
253 254
254 255
255 256
256 257
259 260
260 261
261 262
263 264
263 434
263 435
264 265
265 266
266 267
267 268
268 269
269 270
270 271
273 274
274 275
275 276
277 372
279 329
279 475
280 281
280 314
281 282
282 283
283 284
284 285
285 286
286 287
287 288
289 290
290 291
291 292
294 295
295 296
296 297
297 298
298 299
299 300
301 302
302 303
303 304
304 305
305 306
306 307
308 309
309 310
310 311
311 312
311 492
311 493
312 313
313 314
315 316
318 319
318 320
320 321
321 322
322 323
323 324
324 325
325 326
327 328
331 332
331 333
333 334
334 335
335 336
336 337
338 339
339 340
339 500
340 341
341 342
341 500
342 343
343 344
344 345
345 415
347 348
348 349
350 351
350 409
353 354
354 355
355 356
356 357
357 358
358 359
359 360
360 361
362 363
364 365
366 367
367 368
367 370
367 371
367 425
371 372
373 374
374 375
376 377
376 378
378 379
379 380
382 383
385 386
386 387
387 388
388 389
390 391
391 392
392 393
393 394
394 395
395 396
396 397
397 398
399 456
400 401
401 402
402 403
403 404
404 405
405 406
406 407
407 408
410 411
411 412
413 414
416 417
416 418
418 419
419 420
420 421
421 422
422 423
423 424
426 427
427 428
431 432
433 434
433 537
433 538
435 436
436 437
437 438
438 439
439 440
441 442
443 444
447 448
448 449
449 450
450 451
451 452
452 453
453 454
454 455
456 457
457 458
458 459
459 460
460 461
461 462
462 463
464 465
465 466
468 469
469 470
470 471
471 472
475 476
476 477
477 478
478 479
480 481
481 482
482 483
483 484
484 485
485 486
486 487
487 488
489 490
492 525
493 494
494 495
495 496
496 497
496 528
496 529
497 498
498 499
501 502
501 503
507 508
508 509
509 510
510 511
511 512
517 518
518 519
525 526
526 527
527 528
529 530
530 531
534 535
537 546
537 549
538 539
539 540
541 542
541 543
543 544
544 545
545 546
545 549
547 548
