0 1
0 2
1 2
1 128
2 3
2 4
2 128
3 4
4 127
4 159
4 163
5 6
5 46
5 129
6 7
6 129
6 130
7 8
8 9
9 10
9 170
10 11
10 156
10 167
11 12
11 129
11 149
12 13
13 14
14 134
15 16
15 350
17 18
17 239
17 346
17 353
17 421
17 422
17 426
17 427
19 20
19 213
20 151
21 22
22 23
22 151
22 212
22 217
23 24
23 25
23 176
23 221
23 249
23 259
24 210
25 26
26 29
27 28
27 310
28 50
30 128
30 129
30 139
30 152
30 322
31 32
32 33
32 35
33 34
33 36
33 53
34 36
34 37
34 40
34 52
34 59
34 69
34 71
34 72
34 75
34 76
34 80
34 82
34 83
34 84
34 93
34 95
34 99
34 100
34 102
34 104
34 109
34 110
34 111
35 45
35 82
36 37
36 38
38 39
40 41
40 61
41 42
42 43
43 44
44 62
45 60
45 73
45 81
45 94
45 96
45 107
46 70
46 143
46 145
46 148
46 181
46 182
46 240
46 322
46 323
46 442
46 443
46 447
47 72
47 121
48 49
49 60
49 66
50 51
50 82
50 112
50 113
50 215
50 277
50 278
50 281
50 285
50 286
50 292
50 296
50 301
50 302
50 316
51 77
51 282
51 295
54 55
54 212
54 278
55 56
55 403
55 413
56 57
56 351
57 58
57 351
58 282
61 82
62 63
62 215
63 64
64 65
67 68
67 235
67 429
68 400
72 83
73 74
73 103
74 75
76 103
77 78
77 79
77 215
78 215
79 82
79 101
79 122
82 122
84 85
85 86
86 87
87 88
88 89
89 90
90 91
91 92
96 97
97 106
97 124
97 311
97 312
97 319
97 320
97 452
97 453
98 99
104 105
107 108
108 109
112 113
112 301
113 114
113 292
113 293
114 115
115 116
115 293
116 117
117 118
117 294
118 119
119 120
119 294
120 284
121 220
121 449
121 450
121 451
123 211
125 126
125 169
126 127
126 163
128 158
128 160
129 130
129 133
129 138
129 140
129 141
129 142
129 144
129 146
129 149
129 155
129 168
129 178
129 180
129 183
129 188
131 132
131 133
132 138
132 140
132 147
133 146
133 147
134 135
135 136
136 137
137 150
138 139
138 140
138 165
139 240
141 142
142 143
143 168
143 186
143 191
144 145
144 164
144 170
145 148
145 177
148 157
148 162
152 153
153 154
153 161
154 155
154 161
156 157
158 159
165 166
167 168
171 172
172 173
173 214
174 175
175 176
175 214
179 180
181 182
182 241
183 184
185 188
186 187
187 190
189 190
189 199
189 325
189 344
190 199
190 200
190 325
190 331
191 192
192 193
193 194
194 195
194 200
196 197
196 343
197 198
198 199
198 344
200 201
200 314
200 333
200 334
201 202
201 332
202 209
202 329
202 333
203 204
203 209
203 324
204 205
205 206
205 324
206 207
207 208
210 211
215 276
215 283
216 282
218 219
218 220
221 222
223 224
223 315
225 226
225 317
225 321
225 404
226 227
227 228
229 230
229 402
230 231
231 232
232 233
233 234
235 351
235 352
235 428
235 437
236 237
237 238
238 421
239 345
239 353
239 383
239 395
241 242
242 243
243 244
244 245
244 247
245 246
247 248
249 250
250 251
251 252
251 259
252 253
253 254
254 255
255 256
256 257
257 258
260 261
260 262
261 431
262 263
263 264
264 265
265 266
267 268
267 436
269 270
269 271
271 272
272 273
273 274
274 275
275 276
277 304
279 280
279 281
285 291
286 309
287 288
288 289
289 290
290 291
296 297
297 298
298 299
299 300
302 303
303 310
304 305
305 306
306 307
307 308
307 318
308 317
310 311
310 312
312 313
312 319
313 314
314 315
318 321
325 326
326 327
327 328
327 454
330 331
330 336
332 337
335 336
337 338
338 339
339 340
340 341
341 342
345 347
346 352
346 353
346 354
346 355
346 366
346 368
346 370
346 374
346 394
346 399
347 348
347 353
347 369
347 383
347 391
348 384
349 369
349 386
349 391
350 385
351 401
351 429
351 432
355 356
356 357
357 358
358 359
359 360
360 361
361 362
362 363
364 365
365 366
367 368
367 373
371 372
371 373
374 375
375 376
376 377
377 378
378 379
379 380
380 381
381 382
384 385
386 387
387 388
388 389
389 390
392 399
392 429
393 399
395 396
396 397
398 402
399 401
399 430
399 433
400 434
402 428
403 414
405 406
405 407
405 408
405 413
405 416
405 417
405 419
406 414
407 412
408 409
409 410
410 411
411 412
412 415
417 418
419 420
422 423
423 424
424 425
428 429
429 430
429 433
431 432
434 435
435 436
438 444
439 440
440 441
441 442
443 448
444 445
445 446
446 447
454 455
