0 1
0 10
0 30
0 40
0 71
0 97
0 100
0 111
0 115
0 123
0 139
0 149
0 161
0 194
0 195
0 212
0 216
0 254
0 279
0 288
0 289
0 290
0 291
0 307
0 309
0 316
1 2
1 21
1 29
1 41
1 55
1 62
1 101
1 116
1 128
1 140
1 158
1 169
1 171
1 213
1 228
1 253
1 263
1 287
1 300
1 310
1 314
1 315
2 3
3 4
4 5
5 6
6 7
7 8
8 9
10 11
11 12
12 13
13 14
14 15
15 16
16 17
17 18
19 20
19 21
22 23
23 24
24 25
25 26
26 27
26 53
26 54
26 95
26 217
26 243
27 28
27 74
27 96
27 130
27 293
28 29
28 55
28 158
30 31
30 86
30 99
30 150
30 218
30 238
30 326
31 32
31 56
31 292
31 308
31 328
32 33
32 109
32 110
32 178
32 294
32 329
33 34
33 39
33 71
33 73
33 79
34 35
34 79
35 36
36 37
37 38
39 71
40 41
40 326
41 42
41 111
41 318
42 43
42 70
42 119
42 222
43 44
43 87
43 100
43 244
44 45
44 119
45 46
45 120
45 146
45 147
45 184
46 47
46 121
47 48
48 148
49 50
49 51
51 52
52 53
54 55
55 96
55 239
55 317
56 57
57 58
58 59
58 72
59 60
60 61
62 63
63 64
64 65
65 66
66 67
67 68
68 69
70 71
70 223
70 290
72 73
74 75
75 76
75 129
76 77
76 78
77 78
78 170
80 81
81 82
82 83
83 84
84 85
85 86
87 88
88 89
89 90
90 91
91 184
91 245
92 93
93 94
94 95
96 158
97 98
98 99
101 102
102 103
103 104
104 105
105 106
106 107
107 108
109 110
110 185
112 113
112 114
114 115
116 117
117 118
120 121
121 122
121 184
124 125
124 126
126 127
127 128
129 130
131 132
131 133
133 134
134 135
135 136
136 137
137 138
138 139
140 141
141 142
142 143
143 144
144 145
147 148
150 151
151 152
152 153
153 154
154 155
155 156
156 157
158 235
158 316
158 325
159 160
159 161
162 163
162 164
164 165
165 166
166 167
167 168
168 169
171 172
172 173
173 174
174 175
175 176
176 177
178 179
179 180
180 181
181 182
182 183
186 187
186 188
188 189
189 190
190 191
191 192
192 193
193 194
195 196
196 197
197 198
198 199
199 200
200 201
201 202
202 203
204 205
205 206
206 207
207 208
208 209
209 210
210 211
211 212
213 214
214 215
219 220
219 221
221 222
223 224
224 225
226 227
227 228
229 230
229 231
231 232
232 233
233 234
234 235
236 237
237 238
240 241
240 242
242 243
244 245
246 247
247 248
248 249
249 250
250 251
251 252
252 253
254 255
255 256
256 257
257 258
258 259
259 260
260 261
261 262
263 264
264 265
265 266
266 267
267 268
268 269
269 270
271 272
271 273
273 274
274 275
275 276
276 277
277 278
278 279
280 281
281 282
282 283
283 284
284 285
285 286
286 287
294 295
295 296
296 297
297 298
298 299
300 301
301 302
302 303
303 304
304 305
305 306
310 311
311 312
312 313
316 326
319 320
320 321
321 322
322 323
323 324
324 325
326 327
327 328
329 330
330 331
331 332
332 333
