0 1
0 2
2 3
3 4
4 5
4 22
4 23
4 41
4 42
4 43
4 50
4 51
4 87
4 88
4 93
4 98
4 99
4 100
4 118
4 130
4 134
4 150
4 167
4 186
4 214
4 219
4 236
4 286
5 6
6 7
6 42
6 86
6 87
6 100
6 107
6 151
6 235
6 291
7 8
7 104
7 106
8 9
8 25
8 40
8 66
8 86
8 105
8 107
8 111
8 113
8 115
8 144
8 151
8 177
8 235
8 239
8 284
8 297
9 10
9 38
9 39
9 53
9 101
9 102
9 108
9 110
9 112
9 125
9 155
9 174
9 178
9 184
9 193
9 218
9 230
9 233
9 234
9 241
9 242
9 248
9 249
9 279
9 283
9 293
9 295
9 298
9 300
9 304
9 305
10 11
10 26
10 78
10 103
10 114
10 126
10 135
10 143
10 209
10 238
11 12
11 53
11 68
11 102
12 13
12 36
12 37
12 54
12 68
12 81
12 82
12 103
12 114
12 126
12 136
12 141
12 142
12 152
12 166
12 173
12 183
12 319
12 334
13 14
13 33
13 69
13 70
13 145
13 314
14 15
14 27
14 82
14 95
14 252
14 299
15 16
15 33
16 17
17 18
19 20
20 21
21 22
21 88
21 89
21 91
21 92
21 175
21 185
21 186
21 187
21 188
21 205
21 212
21 213
21 236
21 237
21 250
21 266
23 24
23 52
23 106
24 25
27 28
28 29
29 30
31 32
31 33
33 34
33 35
33 54
33 55
33 82
33 109
33 127
33 141
33 152
33 192
33 208
33 285
33 302
34 35
34 83
35 36
37 38
37 53
37 108
37 178
39 40
39 94
39 107
39 111
39 115
39 129
39 151
39 264
39 291
40 41
40 52
40 101
40 106
40 259
41 42
41 115
42 52
42 63
42 65
43 44
44 45
45 46
47 48
48 49
48 287
49 50
50 99
51 52
51 210
51 211
52 87
52 105
52 115
52 129
52 144
52 151
52 286
53 67
53 78
53 103
53 114
53 281
53 296
55 56
56 57
57 58
59 60
59 61
61 62
62 63
63 64
63 87
63 99
63 100
63 118
63 172
63 175
64 65
65 66
65 87
65 94
67 68
67 102
67 178
68 69
68 238
69 82
69 103
70 71
70 82
70 84
70 95
70 140
70 152
70 156
70 189
70 231
70 267
70 271
70 280
70 313
70 318
70 324
70 326
70 334
70 339
70 347
70 348
70 357
70 358
70 359
70 362
70 363
70 364
71 72
72 73
73 74
74 75
75 76
76 77
78 79
79 80
79 135
79 209
79 281
79 296
80 81
81 282
82 83
82 145
82 165
82 166
83 84
83 85
83 95
83 117
83 136
83 137
83 140
83 141
83 182
83 183
83 247
83 269
84 323
86 101
86 301
87 106
87 176
87 259
87 265
89 90
92 93
93 288
96 97
97 98
98 99
99 204
99 258
100 176
101 144
101 294
102 103
102 238
102 292
103 112
103 155
103 178
103 184
103 248
103 300
106 107
108 126
111 153
111 210
112 114
112 126
114 142
116 117
118 119
118 130
118 175
119 120
120 121
121 122
123 124
123 125
126 295
127 128
130 220
131 132
131 133
133 134
138 139
138 207
139 140
142 143
144 176
145 146
145 263
147 148
147 149
147 168
149 150
151 240
153 154
156 157
157 158
158 159
159 160
160 161
161 162
162 163
163 164
165 276
167 168
169 170
169 171
171 172
173 174
176 177
179 180
180 181
181 182
187 188
189 190
190 333
190 335
191 192
193 194
194 195
195 196
196 197
196 275
197 198
197 275
198 199
199 200
199 274
200 201
202 203
203 204
205 213
206 207
211 212
214 215
215 216
216 217
220 221
222 223
222 224
224 225
225 226
226 227
227 228
228 229
229 230
231 232
242 243
243 244
244 245
245 246
250 251
252 253
253 254
254 255
256 257
256 258
260 261
261 262
262 263
264 265
267 268
267 280
269 270
271 272
272 273
276 277
277 278
288 289
289 290
302 303
306 307
306 308
308 309
309 310
310 311
311 312
312 313
315 316
316 317
317 318
320 321
320 322
322 323
325 326
327 328
328 329
329 330
330 331
330 337
330 338
331 332
332 333
335 336
336 337
339 340
340 341
341 342
342 343
343 344
344 345
345 346
348 349
349 350
350 351
351 352
352 353
353 354
354 355
355 356
359 360
360 361
