0 1
0 2
2 3
3 4
4 5
5 6
6 7
7 8
8 9
9 10
9 19
9 28
9 29
9 30
9 39
9 44
9 53
9 62
9 63
9 73
9 82
9 98
9 99
9 103
9 113
9 114
9 118
9 123
9 131
9 132
9 143
9 150
9 159
9 161
9 164
9 174
9 175
9 183
9 193
9 198
9 201
9 217
9 228
9 237
9 256
9 266
9 267
9 278
9 284
9 294
9 302
9 311
9 324
9 333
9 334
9 342
9 357
9 358
9 364
9 381
9 385
9 402
9 404
9 408
9 417
9 418
9 432
9 438
9 449
9 450
9 463
9 464
9 475
9 480
9 495
9 496
9 511
9 512
9 533
9 535
9 547
9 548
9 560
9 576
9 592
9 593
9 603
9 610
9 623
9 635
9 636
9 649
9 666
9 677
9 678
9 688
9 713
9 719
9 736
9 744
9 753
9 754
9 763
9 771
9 782
9 803
9 807
9 831
9 832
9 841
9 842
9 852
9 853
9 859
9 861
10 30
10 39
10 43
10 61
10 215
10 249
10 417
10 428
10 450
10 478
10 575
10 583
10 648
10 790
10 802
10 832
10 1081
11 12
11 13
13 14
14 15
15 16
16 17
17 18
18 19
20 21
20 22
20 728
22 23
23 24
23 728
24 25
25 26
26 27
27 28
29 30
29 39
29 43
30 31
30 38
30 55
30 56
30 72
30 382
30 804
31 32
31 39
32 33
32 38
32 39
32 257
32 407
33 34
33 42
33 58
33 144
33 200
33 226
33 687
34 35
34 41
34 71
34 101
34 160
34 216
34 440
34 729
34 848
35 36
35 57
35 58
35 144
35 199
35 210
35 212
35 405
35 549
35 550
35 687
36 37
36 40
36 41
36 71
36 104
36 160
36 216
36 403
37 285
38 39
38 42
38 43
38 55
38 56
38 59
38 72
38 150
38 227
38 300
38 301
38 382
38 383
38 428
38 429
38 811
39 56
39 322
39 323
39 417
40 57
40 199
40 822
42 268
42 269
42 821
43 175
44 45
45 46
45 103
46 47
46 426
47 48
48 49
49 50
50 51
50 171
51 52
51 102
52 171
53 54
55 61
55 150
55 268
55 450
55 790
55 843
56 450
57 101
57 298
57 454
57 794
58 71
58 298
58 299
59 60
59 177
59 213
59 214
59 732
59 791
60 61
61 267
62 63
63 64
63 1505
64 65
65 66
66 67
67 68
68 69
69 70
70 505
71 100
71 405
71 440
73 74
73 479
74 75
75 76
75 479
76 77
77 78
78 79
79 80
80 81
82 83
82 736
83 84
84 85
85 86
86 87
87 88
88 89
89 90
91 92
91 93
91 698
92 598
93 94
94 95
94 96
94 97
94 698
95 96
96 97
97 98
98 99
100 193
100 1698
101 285
102 171
103 426
103 471
105 106
106 107
106 439
107 108
108 109
109 110
110 111
111 112
112 113
114 115
114 873
114 1185
114 1431
114 1547
115 116
116 117
117 118
117 174
117 193
117 266
117 1548
118 119
119 120
119 715
120 121
121 122
122 599
122 714
123 124
123 471
124 125
125 126
126 127
127 128
128 129
129 130
129 697
130 131
130 697
130 1209
130 1265
131 149
132 133
132 772
133 134
134 135
135 136
136 137
137 138
138 139
139 140
141 142
141 143
142 577
143 772
145 146
145 174
145 193
145 806
146 147
146 931
147 148
147 931
148 149
151 152
151 153
153 154
153 561
153 716
154 155
155 156
155 825
156 157
157 158
157 562
158 159
159 562
159 827
160 199
160 200
160 431
160 625
161 162
161 163
162 163
163 279
163 280
163 425
164 165
164 250
164 546
164 547
164 937
165 166
165 544
166 167
166 250
166 808
167 168
168 169
168 296
169 170
169 296
169 809
170 295
171 172
173 174
173 564
173 941
174 563
174 773
174 774
174 868
174 879
174 893
174 894
174 903
174 906
174 909
174 923
174 924
174 929
174 930
174 941
174 942
174 952
174 965
174 977
174 985
174 992
174 1009
174 1010
174 1019
174 1029
174 1031
174 1032
174 1034
174 1038
174 1047
174 1056
174 1063
174 1064
174 1067
174 1072
174 1076
174 1081
174 1083
174 1084
174 1098
174 1100
174 1116
174 1120
174 1137
174 1146
174 1147
174 1148
174 1159
174 1161
174 1162
174 1174
174 1180
174 1198
174 1215
174 1224
174 1228
174 1239
174 1241
174 1244
174 1253
174 1262
174 1263
174 1271
174 1272
174 1286
174 1288
174 1312
174 1314
174 1315
174 1321
174 1322
174 1331
174 1356
174 1361
174 1370
174 1371
174 1375
174 1377
174 1386
174 1389
174 1400
174 1407
174 1416
174 1421
174 1428
174 1431
174 1457
174 1463
174 1465
174 1468
174 1478
175 176
175 301
176 177
178 179
178 180
180 181
181 182
182 183
184 185
184 186
184 670
184 1150
186 187
186 669
187 188
187 470
187 668
187 928
187 1181
187 1483
187 1502
187 1559
187 1596
187 1662
187 1691
187 1748
187 1762
187 1773
187 1806
187 1818
188 189
188 734
188 1482
188 1491
188 1502
188 1533
188 1579
188 1645
188 1672
188 1712
188 1829
189 190
189 466
189 595
189 1485
189 1493
189 1549
190 191
190 467
190 594
190 597
190 734
190 1481
190 1482
190 1488
190 1501
190 1533
190 1549
190 1697
190 1805
190 1901
191 192
191 1487
191 1492
192 193
193 465
193 597
193 773
193 774
193 868
193 894
193 903
193 909
193 930
193 942
193 952
193 992
193 1009
193 1019
193 1034
193 1147
193 1148
193 1174
193 1224
193 1239
193 1253
193 1416
193 1428
193 1478
193 1481
193 1488
193 1489
193 1492
193 1501
193 1510
193 1519
193 1528
193 1529
193 1530
193 1543
193 1544
193 1546
193 1548
193 1561
193 1562
193 1569
193 1572
193 1577
193 1582
193 1597
193 1614
193 1615
193 1628
193 1637
193 1638
193 1640
193 1654
193 1656
193 1658
193 1663
193 1673
193 1682
193 1687
193 1692
193 1697
193 1706
193 1707
193 1709
193 1711
193 1716
193 1719
193 1730
193 1736
193 1746
193 1750
193 1751
193 1761
193 1771
193 1772
193 1775
193 1776
193 1788
193 1795
193 1796
193 1804
193 1807
194 195
194 196
196 197
197 198
201 202
202 203
203 204
204 205
205 206
206 207
207 208
208 209
210 211
212 213
214 215
216 331
217 218
218 219
219 220
220 221
221 222
221 786
222 223
223 224
224 225
226 227
228 229
228 936
229 230
230 231
231 232
232 233
233 234
234 235
235 236
237 238
238 239
239 240
240 241
240 619
241 242
242 243
242 619
243 244
244 245
245 246
246 247
247 248
248 249
251 252
252 253
253 254
254 255
255 256
258 259
258 260
260 261
261 262
262 263
262 338
262 339
262 620
263 264
264 265
265 266
270 271
271 272
272 273
273 274
274 275
275 276
276 277
276 597
276 1494
277 278
279 280
280 281
280 425
281 282
282 283
283 284
285 297
285 298
286 287
287 288
288 289
289 290
290 291
291 292
292 293
293 294
295 810
298 687
298 704
299 300
299 704
300 1080
302 303
303 304
304 305
305 306
306 307
307 308
308 309
309 310
311 312
312 313
312 427
313 314
314 315
314 427
315 316
316 317
317 318
317 626
318 319
319 626
320 321
320 322
321 524
322 323
324 325
325 326
326 327
327 328
328 329
329 330
331 332
334 335
334 434
335 336
336 337
336 434
337 338
339 340
340 341
342 343
342 576
343 344
344 345
345 346
346 347
347 348
348 349
349 350
351 352
351 437
352 353
352 703
353 354
354 355
355 356
355 438
356 357
358 359
359 360
360 361
361 362
362 363
364 365
365 366
366 367
367 368
368 369
369 370
370 371
371 372
373 374
374 375
375 376
375 750
376 377
377 378
378 379
379 380
379 752
380 381
382 548
383 384
383 451
384 549
385 386
386 387
387 388
388 389
389 390
390 391
391 392
392 393
394 395
395 396
396 397
397 398
398 399
399 400
400 401
401 402
403 718
405 406
406 407
408 409
409 410
410 411
411 412
412 413
413 414
414 415
415 416
418 419
419 420
420 421
421 422
422 423
423 424
424 489
429 430
430 431
432 433
435 436
435 437
435 472
435 624
437 703
441 442
441 443
443 444
444 445
445 446
446 447
447 448
448 449
450 842
451 452
452 453
453 454
455 456
456 457
457 458
458 459
459 460
460 461
461 462
462 463
464 465
464 773
464 774
464 942
464 952
464 1019
464 1100
464 1198
464 1224
464 1352
464 1361
464 1468
464 1597
464 1812
464 1817
464 1820
464 1830
464 1833
464 1863
464 1867
464 1868
464 1877
464 1880
464 1884
464 1889
464 1892
464 1900
464 1901
464 1902
464 1917
464 1922
464 1931
464 1937
464 1938
464 1940
465 466
466 467
466 1829
467 468
467 768
467 769
467 1789
467 1818
468 469
469 470
469 1809
469 1819
469 1841
469 1865
469 1919
470 471
470 1918
471 772
471 1831
471 1864
471 1879
473 474
473 475
473 824
474 510
474 824
475 511
476 477
477 478
480 481
481 482
482 483
483 484
484 485
485 486
486 487
487 488
489 490
491 492
491 493
493 494
494 495
495 772
495 937
496 497
497 498
498 499
499 500
500 501
501 502
502 503
503 504
506 507
506 508
508 509
508 534
509 510
512 513
513 514
514 515
515 516
516 517
517 518
518 519
519 520
521 522
521 523
522 523
522 844
523 524
525 526
525 527
527 528
528 529
529 530
530 531
531 532
532 533
535 536
536 537
537 538
538 539
539 540
540 541
541 542
542 543
544 545
545 546
550 551
552 553
553 554
554 555
555 556
556 557
557 558
558 559
559 560
563 564
563 596
563 941
563 1101
563 1287
563 1387
563 1398
563 1454
564 565
564 1441
565 566
565 783
565 941
565 1041
565 1101
565 1399
565 1441
566 567
566 874
566 940
566 1030
566 1240
567 932
567 1041
567 1242
567 1243
568 569
568 570
570 571
571 572
572 573
573 574
574 575
577 578
578 579
579 580
580 581
581 582
584 585
585 586
586 587
587 588
588 589
588 823
589 590
589 823
590 591
591 592
594 595
594 596
594 1242
594 1387
594 1454
595 667
595 1039
595 1040
595 1046
595 1235
595 1296
595 1455
596 1046
596 1076
596 1160
596 1388
597 1493
597 1808
599 600
600 601
601 602
603 604
604 605
605 606
606 607
607 608
608 609
610 611
611 612
611 745
612 613
613 614
613 745
614 615
614 746
615 616
616 617
617 618
621 622
621 623
623 772
627 628
628 629
629 630
630 631
631 632
632 633
633 634
634 635
636 637
637 638
638 639
639 640
640 699
641 642
641 643
643 644
644 645
645 646
646 647
647 648
649 650
650 651
650 733
651 652
652 653
653 654
654 655
655 656
656 657
658 659
658 660
660 661
661 662
662 663
663 664
664 665
665 666
667 668
667 928
667 934
667 966
667 1075
667 1099
667 1313
667 1446
667 1464
667 1726
668 669
668 1240
668 1580
669 670
669 1150
669 1762
671 672
671 673
673 674
674 675
675 676
676 677
678 679
679 680
680 681
681 682
682 683
683 684
684 685
685 686
687 821
688 689
689 690
690 691
691 692
692 693
693 694
694 695
695 696
699 700
700 701
701 702
705 706
706 707
707 708
708 709
709 710
710 711
711 712
712 713
714 715
716 717
719 720
720 721
721 722
722 723
723 724
724 725
725 726
726 727
729 730
729 820
730 731
731 732
732 811
733 734
734 735
737 738
738 739
739 740
740 741
741 742
742 743
743 744
746 747
747 748
748 749
750 751
752 753
754 755
755 756
756 757
757 758
758 759
759 760
760 761
761 762
764 765
764 766
766 767
767 768
769 770
770 771
770 782
770 783
772 1848
772 1891
773 774
774 775
774 1171
775 776
776 777
777 778
778 779
779 780
780 781
781 951
783 784
783 1830
784 785
785 786
786 787
786 828
787 788
787 933
788 789
790 825
791 792
792 793
793 794
795 796
796 797
797 798
798 799
799 800
800 801
801 802
803 812
804 805
805 806
806 930
808 809
812 813
813 814
814 815
815 816
816 817
817 818
818 819
826 827
826 828
826 1099
826 1596
829 830
830 831
833 834
833 835
835 836
836 837
837 838
838 839
839 840
840 841
844 845
846 847
846 848
849 850
849 851
851 852
853 854
854 855
855 856
856 857
857 858
860 861
862 863
862 864
864 865
865 866
865 1558
866 867
867 868
869 870
869 871
871 872
872 873
874 875
874 928
874 1069
874 1149
874 1184
874 1440
875 876
875 938
875 1240
876 877
877 878
879 880
880 881
881 882
882 883
883 884
885 886
886 887
887 888
888 889
889 890
890 891
891 892
892 893
894 895
895 896
895 1113
896 897
896 1111
897 898
898 899
898 1036
898 1111
899 900
899 920
899 1042
900 901
901 902
902 1035
903 904
904 905
905 906
906 907
906 922
906 1175
906 1447
907 908
907 921
907 922
909 910
909 1772
910 911
911 912
912 913
913 914
914 915
915 1803
916 917
917 918
918 919
919 920
920 921
921 1425
921 1426
922 1427
923 1479
924 1110
924 1214
925 926
925 1082
926 927
927 928
927 1149
928 933
928 1030
928 1176
929 1353
930 1784
932 933
932 1354
933 1181
933 1345
934 935
936 937
937 938
938 939
938 1406
939 940
942 943
943 944
943 986
944 945
945 946
945 986
945 1264
946 947
947 948
948 949
949 950
952 953
953 954
953 1244
954 955
955 956
955 1281
955 1595
956 957
957 958
958 959
959 960
961 962
961 963
962 1343
963 964
964 965
966 967
966 1039
967 968
967 1075
968 969
970 971
970 972
972 973
973 974
974 975
975 976
976 977
977 1710
978 979
979 980
980 981
981 982
982 983
983 984
984 985
986 987
987 988
988 989
989 990
990 991
990 1206
992 993
992 1640
993 994
994 995
995 996
996 997
997 998
998 999
999 1000
1001 1002
1001 1003
1002 1118
1003 1004
1003 1183
1004 1005
1005 1006
1005 1009
1005 1117
1005 1230
1005 1365
1006 1007
1007 1008
1008 1009
1009 1117
1009 1681
1010 1011
1011 1012
1012 1013
1013 1014
1014 1015
1015 1016
1016 1017
1017 1018
1018 1883
1019 1020
1020 1021
1020 1103
1020 1941
1021 1022
1022 1023
1023 1024
1023 1103
1024 1025
1025 1026
1026 1027
1027 1102
1028 1029
1031 1032
1032 1033
1032 1561
1033 1297
1034 1442
1034 1459
1036 1037
1037 1038
1042 1043
1043 1044
1044 1045
1047 1048
1048 1049
1049 1050
1050 1051
1051 1052
1052 1053
1053 1054
1054 1055
1056 1057
1057 1058
1058 1059
1059 1060
1060 1061
1061 1062
1063 1388
1064 1065
1065 1066
1067 1068
1069 1070
1070 1071
1072 1073
1073 1074
1077 1078
1077 1079
1079 1080
1082 1083
1084 1085
1085 1086
1086 1087
1087 1088
1088 1089
1090 1091
1090 1092
1092 1093
1093 1094
1094 1095
1095 1096
1096 1097
1096 1625
1097 1098
1101 1441
1104 1105
1104 1106
1106 1107
1107 1108
1108 1109
1109 1110
1111 1112
1112 1113
1114 1115
1115 1116
1117 1229
1118 1119
1119 1591
1120 1121
1121 1122
1122 1123
1123 1124
1124 1125
1125 1126
1126 1127
1127 1128
1129 1130
1129 1131
1131 1132
1132 1133
1133 1134
1134 1135
1135 1136
1136 1137
1138 1139
1139 1140
1140 1141
1141 1142
1142 1143
1143 1144
1144 1145
1145 1146
1148 1470
1151 1152
1152 1153
1153 1154
1154 1155
1155 1156
1156 1157
1157 1158
1158 1159
1160 1161
1162 1163
1163 1164
1164 1165
1165 1166
1166 1167
1167 1168
1168 1169
1169 1170
1171 1172
1172 1173
1173 1174
1173 1199
1175 1447
1175 1448
1177 1178
1178 1179
1179 1180
1181 1182
1182 1570
1185 1186
1185 1777
1185 1778
1186 1187
1187 1188
1188 1189
1190 1191
1191 1192
1192 1193
1193 1194
1194 1195
1195 1196
1196 1197
1197 1198
1198 1429
1199 1200
1200 1201
1201 1202
1201 1480
1202 1203
1203 1204
1203 1480
1204 1205
1206 1207
1208 1209
1210 1211
1210 1212
1212 1213
1213 1214
1215 1216
1216 1217
1217 1218
1218 1219
1219 1220
1220 1221
1221 1222
1222 1223
1224 1225
1225 1226
1226 1227
1228 1229
1230 1231
1231 1232
1232 1233
1233 1234
1236 1237
1236 1238
1236 1550
1237 1294
1238 1239
1245 1246
1245 1247
1247 1248
1248 1249
1249 1250
1250 1251
1251 1252
1252 1253
1254 1255
1254 1256
1256 1257
1257 1258
1258 1259
1259 1260
1260 1261
1261 1262
1265 1266
1266 1267
1267 1268
1268 1269
1269 1270
1270 1271
1272 1273
1273 1274
1274 1275
1275 1276
1276 1277
1277 1278
1278 1279
1279 1280
1282 1283
1282 1404
1283 1284
1283 1405
1284 1285
1285 1286
1285 1405
1288 1289
1289 1290
1289 1518
1289 1519
1289 1720
1290 1291
1290 1517
1290 1568
1290 1624
1290 1721
1291 1292
1292 1293
1294 1295
1294 1550
1295 1551
1297 1298
1298 1299
1299 1300
1300 1301
1301 1302
1302 1303
1304 1305
1304 1306
1306 1307
1307 1308
1308 1309
1309 1310
1310 1311
1311 1312
1315 1316
1317 1318
1317 1319
1319 1320
1320 1321
1322 1323
1323 1324
1324 1325
1325 1326
1326 1327
1327 1328
1328 1329
1329 1330
1331 1332
1332 1333
1333 1334
1334 1335
1335 1336
1336 1337
1337 1338
1338 1339
1340 1341
1340 1342
1342 1343
1344 1345
1346 1347
1347 1348
1348 1349
1348 1921
1349 1350
1350 1351
1351 1352
1352 1353
1352 1462
1354 1355
1356 1357
1357 1358
1358 1359
1359 1360
1361 1362
1362 1363
1363 1364
1364 1365
1365 1366
1366 1367
1367 1368
1368 1369
1371 1372
1372 1373
1373 1374
1375 1376
1377 1378
1378 1379
1379 1380
1380 1381
1381 1382
1382 1383
1383 1384
1384 1385
1389 1390
1390 1391
1391 1392
1392 1393
1393 1394
1394 1395
1395 1396
1396 1397
1398 1399
1401 1402
1401 1403
1403 1404
1408 1409
1408 1410
1410 1411
1411 1412
1412 1413
1413 1414
1414 1415
1415 1416
1417 1418
1418 1419
1419 1420
1420 1421
1422 1423
1423 1424
1424 1425
1426 1427
1428 1511
1429 1430
1430 1847
1431 1432
1431 1534
1432 1433
1432 1534
1433 1434
1434 1435
1435 1436
1436 1437
1437 1438
1438 1439
1443 1444
1444 1445
1445 1446
1448 1449
1449 1450
1450 1451
1451 1452
1452 1453
1455 1456
1457 1458
1459 1460
1460 1461
1461 1462
1465 1466
1466 1467
1466 1867
1467 1866
1468 1469
1469 1811
1470 1471
1471 1472
1472 1473
1473 1474
1474 1475
1475 1476
1476 1477
1481 1493
1482 1485
1482 1493
1482 1696
1483 1484
1485 1486
1485 1655
1485 1672
1485 1811
1486 1487
1487 1488
1489 1490
1491 1509
1491 1644
1493 1533
1494 1495
1495 1496
1496 1497
1497 1498
1498 1499
1499 1500
1502 1503
1503 1504
1503 1639
1504 1505
1506 1507
1507 1508
1508 1509
1512 1513
1512 1514
1514 1515
1515 1516
1516 1517
1516 1581
1517 1518
1517 1567
1517 1581
1519 1624
1520 1521
1521 1522
1522 1523
1523 1524
1524 1525
1525 1526
1526 1527
1527 1528
1530 1531
1531 1532
1535 1536
1535 1537
1537 1538
1538 1539
1539 1540
1540 1541
1541 1542
1542 1543
1544 1545
1551 1552
1552 1553
1554 1555
1554 1556
1556 1557
1557 1558
1559 1560
1563 1564
1563 1565
1565 1566
1566 1567
1568 1569
1570 1571
1572 1573
1573 1574
1574 1575
1575 1576
1577 1578
1579 1580
1582 1583
1583 1584
1584 1585
1585 1586
1586 1587
1587 1588
1588 1589
1589 1590
1592 1593
1593 1594
1594 1595
1597 1598
1598 1599
1599 1600
1599 1854
1600 1601
1601 1602
1602 1603
1603 1604
1604 1605
1606 1607
1606 1608
1608 1609
1609 1610
1610 1611
1611 1612
1612 1613
1613 1614
1615 1616
1616 1617
1617 1618
1617 1656
1618 1619
1619 1620
1620 1621
1621 1622
1622 1623
1623 1657
1624 1760
1625 1626
1626 1627
1627 1628
1629 1630
1629 1631
1631 1632
1632 1633
1633 1634
1634 1635
1635 1636
1636 1637
1641 1642
1641 1643
1641 1810
1643 1644
1643 1809
1646 1647
1646 1648
1648 1649
1649 1650
1650 1651
1651 1652
1652 1653
1653 1654
1659 1660
1659 1661
1661 1662
1663 1664
1664 1665
1665 1666
1666 1667
1667 1668
1668 1669
1669 1670
1670 1671
1674 1675
1675 1676
1676 1677
1677 1678
1678 1679
1679 1680
1680 1681
1682 1683
1683 1684
1684 1685
1685 1686
1688 1689
1688 1690
1690 1691
1692 1693
1694 1695
1694 1713
1694 1714
1695 1696
1698 1699
1699 1700
1700 1701
1701 1702
1702 1703
1703 1704
1704 1705
1707 1708
1710 1711
1712 1713
1714 1715
1715 1747
1716 1717
1717 1718
1719 1720
1721 1722
1722 1723
1723 1724
1724 1725
1726 1727
1727 1728
1728 1729
1730 1731
1731 1732
1732 1733
1733 1734
1734 1735
1736 1737
1737 1738
1738 1739
1739 1740
1740 1741
1741 1742
1742 1743
1743 1744
1745 1746
1748 1749
1751 1752
1752 1753
1753 1754
1754 1755
1755 1756
1756 1757
1757 1758
1758 1759
1763 1764
1763 1765
1765 1766
1766 1767
1767 1768
1768 1769
1769 1770
1770 1771
1773 1774
1776 1777
1776 1812
1778 1779
1779 1780
1780 1781
1781 1782
1782 1783
1784 1793
1785 1786
1785 1787
1787 1788
1790 1791
1791 1792
1792 1793
1794 1795
1796 1797
1797 1798
1798 1799
1799 1800
1800 1801
1801 1802
1805 1806
1813 1814
1814 1815
1815 1816
1816 1817
1820 1821
1821 1822
1822 1823
1823 1824
1824 1825
1825 1826
1826 1827
1827 1828
1831 1832
1833 1834
1834 1835
1835 1836
1836 1837
1837 1838
1838 1839
1839 1840
1842 1843
1843 1844
1844 1845
1845 1846
1846 1847
1849 1850
1849 1851
1851 1852
1852 1853
1853 1854
1855 1856
1856 1857
1857 1858
1858 1859
1859 1860
1860 1861
1861 1862
1862 1863
1864 1865
1868 1869
1869 1870
1870 1871
1871 1872
1872 1873
1873 1874
1874 1875
1875 1876
1877 1878
1880 1881
1881 1882
1882 1883
1884 1885
1885 1886
1886 1887
1887 1888
1889 1890
1893 1894
1893 1895
1895 1896
1896 1897
1897 1898
1898 1899
1899 1900
1902 1903
1903 1904
1904 1905
1905 1906
1906 1907
1907 1908
1909 1910
1909 1911
1911 1912
1912 1913
1913 1914
1914 1915
1915 1916
1916 1917
1919 1920
1923 1924
1924 1925
1925 1926
1926 1927
1927 1928
1928 1929
1929 1930
1930 1931
1932 1933
1932 1934
1934 1935
1935 1936
1936 1937
1938 1939
