0 1
0 2
1 2
1 249
2 3
2 4
2 249
3 4
4 248
4 280
4 286
5 12
5 13
5 21
5 26
5 27
6 7
6 12
7 8
8 9
9 10
10 11
10 20
12 14
12 22
14 15
15 16
16 17
17 18
18 19
22 23
23 24
25 181
27 30
27 82
27 250
27 291
27 295
28 211
29 211
30 31
30 250
30 251
31 32
32 33
32 56
33 34
33 299
34 35
34 277
34 293
35 36
35 250
35 270
36 37
37 38
38 255
39 40
39 577
41 42
41 408
41 573
41 580
41 633
41 670
41 672
41 676
41 677
42 671
42 676
43 44
43 350
44 45
44 272
45 46
46 47
46 272
46 349
46 355
47 48
47 49
47 53
47 94
47 306
47 360
47 362
47 421
47 431
48 347
49 50
50 54
51 52
51 492
52 86
55 249
55 250
55 260
55 273
55 542
56 172
56 173
56 181
56 194
56 195
56 199
57 58
58 59
58 61
58 71
59 60
59 62
59 89
60 62
60 63
60 66
60 88
60 95
60 105
60 107
60 108
60 112
60 113
60 118
60 120
60 121
60 122
60 131
60 134
60 138
60 139
60 141
60 144
60 149
60 150
60 151
61 79
61 120
62 63
62 64
64 65
66 67
66 97
67 68
68 69
69 70
70 98
71 72
72 73
73 74
74 75
75 76
76 77
77 78
79 80
79 96
79 110
79 119
79 132
79 133
79 135
79 147
80 81
82 106
82 260
82 264
82 266
82 269
82 311
82 312
82 409
82 542
82 543
82 700
82 701
82 715
83 108
83 161
84 85
85 96
85 102
86 87
86 120
86 152
86 153
86 352
86 449
86 450
86 453
86 458
86 459
86 465
86 469
86 474
86 484
86 498
87 114
87 115
87 454
87 468
87 749
90 91
90 94
90 349
90 386
90 450
91 92
91 642
91 652
92 93
92 578
93 94
93 578
94 454
96 133
97 120
98 99
98 352
99 100
100 101
101 502
103 104
103 404
103 680
104 639
106 397
107 143
108 109
108 117
108 121
110 111
110 142
111 112
112 119
113 119
113 142
114 115
114 116
114 352
115 352
116 120
116 140
116 162
120 162
122 123
123 124
124 125
125 126
126 127
127 128
128 129
129 130
135 136
136 146
136 164
136 493
136 494
136 505
136 506
136 737
136 739
137 138
137 146
144 145
147 148
148 149
152 153
152 474
153 154
153 465
153 466
154 155
155 156
155 466
156 157
157 158
157 467
158 159
159 160
159 467
160 457
161 359
161 727
161 728
161 729
163 348
165 166
166 167
167 168
167 182
168 169
168 196
169 170
169 188
170 171
171 172
171 195
173 174
174 175
174 185
174 200
175 176
176 177
176 187
177 178
178 179
179 180
180 190
181 186
182 183
182 189
182 198
183 184
185 186
187 191
188 189
190 193
191 192
192 193
196 197
197 198
197 222
197 531
197 541
197 708
197 720
199 201
202 203
202 204
202 524
203 522
204 205
205 206
206 207
207 208
207 525
208 209
208 210
208 523
209 210
210 211
210 220
210 523
210 525
210 740
210 742
210 743
210 748
210 750
211 292
211 509
211 510
211 511
211 526
211 527
211 532
211 533
211 534
212 213
212 220
212 743
213 214
214 215
215 216
216 217
217 218
218 219
219 221
220 682
222 223
222 229
222 238
222 668
222 718
222 719
223 224
224 225
224 228
224 668
225 226
226 227
226 243
226 244
226 669
228 239
229 230
230 231
231 232
232 233
233 234
234 235
235 236
236 237
239 240
240 241
241 242
242 717
244 245
246 247
246 298
247 248
247 286
249 279
249 281
250 251
250 254
250 259
250 261
250 262
250 263
250 265
250 267
250 270
250 276
250 283
250 287
250 294
250 308
250 310
250 314
250 320
252 253
252 254
253 259
253 261
253 268
254 267
254 268
255 256
256 257
257 258
258 271
259 260
259 261
259 289
260 409
262 263
263 264
264 294
264 313
264 318
264 327
265 266
265 288
265 299
266 269
266 307
269 278
269 285
269 291
273 274
274 275
274 284
275 276
275 284
277 278
279 280
282 283
289 290
293 294
296 297
297 298
300 301
300 354
301 302
302 351
303 305
304 305
305 306
305 351
309 310
309 316
311 312
312 413
314 315
317 320
318 319
319 326
319 336
321 322
321 323
323 324
323 533
325 326
325 335
325 546
325 569
325 571
326 335
326 337
326 546
326 552
326 555
327 328
328 329
329 330
330 331
330 337
332 333
332 568
333 334
334 335
334 569
337 338
337 496
337 545
337 554
337 555
337 567
338 339
338 553
339 346
339 550
339 554
340 341
340 346
340 544
341 342
342 343
342 544
343 344
344 345
347 348
349 356
352 448
352 455
352 475
353 386
353 454
357 358
357 359
357 728
360 361
363 364
363 365
363 366
363 367
363 376
363 380
363 381
363 390
365 369
365 374
366 379
367 368
367 386
369 374
369 380
370 371
371 372
371 374
372 373
373 374
373 375
374 375
374 377
374 378
374 380
374 383
374 391
379 382
382 384
384 385
384 497
386 387
386 454
386 503
386 507
386 643
387 388
388 389
392 393
392 732
392 736
393 394
394 395
395 396
396 397
396 741
398 399
398 641
399 400
400 401
401 402
402 403
404 578
404 579
404 619
404 679
404 691
405 406
406 407
407 670
408 572
408 580
408 610
408 628
408 629
409 410
410 411
411 412
413 414
414 415
415 416
416 417
416 419
417 418
419 420
421 422
422 423
423 424
423 431
424 425
425 426
426 427
427 428
428 429
429 430
432 433
432 434
433 683
434 435
435 436
436 437
437 438
439 440
439 688
441 442
441 443
443 444
444 445
445 446
446 447
447 448
449 486
451 452
451 453
455 456
458 464
459 491
460 461
461 462
462 463
463 464
469 470
470 471
471 472
472 473
476 477
477 478
478 479
478 481
479 480
480 481
480 753
481 482
482 483
483 747
484 485
485 492
486 487
487 488
488 489
489 490
489 504
490 491
490 503
492 493
492 494
492 505
493 738
494 495
494 505
495 496
496 497
497 565
499 500
499 501
501 502
504 507
508 509
510 511
511 512
511 526
511 529
511 530
511 531
512 513
512 529
512 535
512 702
512 703
513 514
514 515
515 516
516 517
517 518
518 519
519 520
520 521
524 744
526 528
526 536
532 541
535 709
536 537
537 538
538 539
539 540
546 547
547 548
548 549
548 745
551 552
551 557
553 558
556 557
558 559
559 560
560 561
561 562
562 563
563 564
566 567
568 570
572 574
573 579
573 580
573 581
573 582
573 593
573 595
573 597
573 601
573 620
573 621
573 623
573 638
574 575
574 580
574 596
574 610
574 618
575 611
575 678
576 596
576 613
576 618
577 612
578 619
578 635
578 640
578 680
578 684
582 583
583 584
584 585
585 586
586 587
587 588
588 589
589 590
591 592
591 634
592 593
594 595
594 600
598 599
598 600
601 602
602 603
603 604
604 605
605 606
606 607
607 608
608 609
611 612
613 614
614 615
615 616
616 617
619 638
619 680
622 638
624 625
625 626
626 627
626 631
626 632
627 628
629 630
630 631
635 636
637 641
638 640
638 680
638 681
638 684
638 685
638 692
638 693
639 686
641 679
642 653
644 645
644 646
644 647
644 652
644 654
644 655
644 657
644 666
645 653
646 651
647 648
648 649
649 650
650 651
651 654
655 656
657 658
658 659
659 660
660 661
661 662
662 663
663 664
664 665
666 667
672 673
673 674
674 675
679 680
680 681
680 685
683 684
686 687
687 688
689 690
690 691
694 712
695 696
696 697
697 698
698 699
699 700
701 716
703 704
704 705
706 707
707 708
709 710
710 711
712 713
713 714
714 715
720 721
721 722
722 723
723 724
724 725
725 726
729 747
730 731
731 741
732 733
733 734
734 735
745 746
750 751
752 753
