0 216
1 2
1 3
1 23
2 14
3 4
4 5
4 23
4 112
5 6
5 7
5 8
5 10
5 11
5 16
5 17
5 24
5 26
5 32
5 37
5 38
5 43
5 45
6 9
6 27
7 33
9 22
9 46
9 91
9 101
10 44
11 12
12 13
13 36
15 16
17 18
17 155
17 160
17 169
18 19
19 20
20 21
22 65
22 72
22 75
22 86
24 25
25 34
28 29
28 30
30 31
31 32
34 35
35 213
39 40
39 41
41 42
42 43
46 92
46 98
47 48
47 92
47 98
47 110
48 49
49 50
49 202
50 51
51 90
52 61
52 65
52 67
52 69
52 83
53 54
53 55
54 127
55 112
56 112
56 145
56 190
57 151
58 59
59 60
59 68
59 76
60 61
60 69
60 70
60 79
61 62
62 65
63 112
63 116
63 162
64 214
64 215
65 66
65 72
65 77
65 78
65 82
66 67
67 68
67 77
68 76
68 84
70 71
71 79
73 74
74 75
78 80
80 81
81 85
83 84
87 88
88 215
89 90
90 93
90 97
90 102
90 106
90 111
90 203
92 99
92 101
94 95
94 100
95 99
96 98
96 100
98 99
98 101
98 103
98 108
99 100
101 199
103 104
104 105
107 199
107 200
109 110
112 114
112 115
112 122
112 123
112 132
112 133
112 135
112 138
112 141
112 146
112 151
112 153
112 154
112 159
112 164
112 173
112 174
112 179
112 183
112 184
112 189
112 194
112 197
113 114
113 195
116 117
118 119
118 120
120 121
121 122
123 124
123 216
124 125
124 182
125 126
126 182
127 137
128 129
129 130
130 131
131 132
131 136
131 142
131 143
133 134
134 171
138 147
139 140
139 141
140 156
142 143
143 144
144 157
147 148
147 189
148 149
149 150
152 153
154 155
156 181
158 159
160 161
162 163
162 214
164 165
165 166
166 167
167 168
169 170
172 173
172 198
174 175
175 176
176 177
177 178
179 180
184 185
185 186
186 187
187 188
190 191
191 192
192 193
195 196
200 201
201 202
204 205
205 206
206 207
207 208
208 209
209 210
210 211
211 212
212 213
