0 1
0 2
2 3
3 4
3 42
4 5
5 6
6 7
7 8
7 25
7 38
7 41
7 50
7 51
7 60
7 61
7 70
7 72
7 75
7 79
7 80
7 86
8 9
8 24
9 10
10 11
11 12
11 39
12 13
13 14
14 15
14 39
15 16
16 40
16 71
17 18
17 30
18 19
19 20
20 21
21 22
22 23
23 24
24 34
25 26
26 27
27 28
28 29
30 31
31 32
32 33
33 34
35 36
35 37
37 38
41 72
42 43
43 44
44 45
45 46
47 48
47 49
49 50
52 53
52 54
54 55
55 56
56 57
57 58
58 59
59 60
61 62
62 63
63 64
64 65
65 66
66 67
67 68
68 69
73 74
74 75
76 77
76 78
78 79
80 81
81 82
82 83
83 84
84 85
