0 1
0 63
1 2
2 3
2 63
2 64
3 4
4 5
4 64
4 111
5 11
5 78
6 7
6 23
7 8
8 9
9 10
10 11
11 12
12 13
12 24
12 78
13 14
14 24
14 25
15 16
15 25
16 17
17 18
18 19
19 20
20 21
21 22
22 43
24 73
25 26
25 42
25 44
25 45
25 62
25 74
25 79
25 81
25 89
25 98
25 104
25 110
26 27
27 28
27 80
28 29
29 30
30 31
31 32
32 33
33 34
35 36
35 37
36 77
37 38
38 39
39 40
40 41
41 42
44 72
45 46
46 47
47 48
48 49
49 50
50 51
51 52
52 53
54 55
54 56
56 57
57 58
58 59
59 60
60 61
61 62
65 66
66 67
67 68
68 69
69 70
70 71
71 72
74 75
75 76
79 97
81 82
82 83
83 84
84 85
85 86
86 87
87 88
90 91
90 92
92 93
93 94
94 95
95 96
96 97
99 100
100 101
101 102
102 103
103 104
105 106
106 107
107 108
108 109
109 110
