0 1
1 2
1 161
2 3
3 4
4 5
4 72
4 81
4 161
4 163
5 6
5 71
5 100
6 7
6 368
7 8
7 119
8 9
9 10
9 29
9 67
9 107
9 120
9 130
9 181
9 254
9 524
10 11
10 28
10 41
10 42
10 58
10 59
10 66
10 90
10 91
10 110
10 121
10 141
10 142
10 143
10 152
10 166
10 173
10 190
10 201
10 205
10 217
10 221
10 230
10 231
10 253
11 12
11 80
12 13
13 14
14 15
14 78
14 79
15 16
16 17
17 18
18 19
20 21
20 22
22 23
23 24
24 25
25 26
26 27
27 28
29 30
29 43
29 54
29 90
29 130
29 191
29 254
29 255
30 31
31 32
31 43
31 255
31 256
32 33
33 44
33 57
33 218
33 220
33 256
33 257
34 35
34 165
35 36
36 37
37 38
38 39
39 40
40 41
41 42
43 53
44 45
45 46
45 48
45 49
45 56
45 57
45 108
45 132
45 133
45 150
45 203
45 219
45 220
46 47
46 218
48 51
48 162
48 164
49 50
49 109
49 202
50 51
51 52
51 108
51 109
51 151
51 164
51 204
52 53
52 131
53 54
53 204
55 56
58 59
59 60
61 62
61 63
63 64
64 65
65 66
67 68
67 240
68 69
69 70
70 71
71 81
72 73
74 75
75 76
76 77
77 78
79 80
82 83
82 208
83 84
84 85
85 86
86 87
86 207
87 88
88 89
89 90
91 92
92 93
93 94
94 95
95 96
96 97
97 98
98 99
100 101
101 102
102 103
102 174
103 104
104 105
105 106
106 107
106 144
106 167
106 179
107 143
107 166
110 111
111 112
112 113
113 114
114 115
115 116
116 117
117 118
119 120
119 180
119 367
120 189
121 122
122 123
123 124
124 125
125 126
126 127
127 128
128 129
130 143
130 190
131 132
134 135
134 136
136 137
137 138
137 244
138 139
139 140
140 141
140 241
141 142
144 145
145 146
146 147
147 148
148 149
149 533
150 151
152 153
153 154
154 155
155 156
156 157
157 158
158 159
159 160
162 163
163 197
164 202
167 168
168 169
169 170
170 171
171 172
174 175
175 176
176 177
177 178
178 179
180 181
182 183
183 184
184 185
185 186
186 187
187 188
188 189
191 192
192 193
193 194
194 195
195 196
197 198
198 199
199 200
200 201
201 206
206 207
209 210
209 211
211 212
212 213
213 214
214 215
215 216
216 217
221 222
222 223
223 224
224 225
225 226
226 227
227 228
228 229
231 232
232 233
233 234
234 235
235 236
236 237
237 238
238 239
241 242
242 243
243 244
245 246
245 247
247 248
248 249
249 250
250 251
251 252
252 253
258 259
258 260
260 261
261 262
262 263
263 264
264 265
265 266
266 267
267 268
267 285
267 286
267 303
267 304
267 310
267 319
267 335
267 336
267 349
267 366
267 380
267 398
267 402
267 403
267 421
267 430
267 439
267 456
267 464
267 475
267 476
267 493
267 502
267 510
267 523
268 269
269 270
270 271
271 272
272 273
273 274
274 275
275 276
277 278
278 279
279 280
280 281
281 282
282 283
283 284
284 285
284 335
284 382
284 503
284 540
286 287
287 288
288 289
289 290
290 291
291 292
292 293
293 294
295 296
296 297
297 298
298 299
299 300
300 301
301 302
302 303
304 305
304 317
304 318
304 381
304 401
304 463
304 503
304 534
305 306
305 522
306 307
307 308
308 309
309 324
309 345
309 346
309 509
310 397
311 312
312 313
313 314
314 315
315 316
316 317
317 318
317 331
319 320
320 321
321 325
322 323
323 324
325 326
326 327
327 328
328 329
329 330
331 332
332 333
333 334
335 367
335 389
335 503
335 534
336 337
336 413
336 534
337 338
337 412
337 413
338 339
339 340
339 412
340 341
341 342
342 343
343 344
346 347
347 348
349 350
350 351
351 352
352 353
353 354
354 355
355 356
356 357
358 359
359 360
360 361
361 362
362 363
363 364
364 365
365 366
368 369
369 370
370 371
372 373
372 374
374 375
375 376
376 377
377 378
378 379
379 380
381 382
382 383
382 504
383 384
384 385
385 386
386 387
387 388
389 414
389 438
390 391
390 392
392 393
393 394
394 395
395 396
396 397
399 400
400 401
401 402
403 404
404 405
405 406
406 407
407 408
408 409
409 410
410 411
414 415
415 416
416 417
417 418
418 419
419 420
421 422
422 423
423 424
424 425
425 426
426 427
427 428
428 429
430 431
432 433
433 434
434 435
434 542
434 543
435 436
436 437
437 438
439 440
439 519
440 441
441 442
442 443
442 519
443 444
444 445
445 446
446 447
448 449
448 450
450 451
451 452
452 453
453 454
454 455
455 456
457 458
457 459
459 460
460 461
461 462
462 463
464 465
465 466
466 467
467 468
468 469
469 470
470 471
471 472
473 474
474 475
476 477
477 478
478 479
479 480
480 481
481 482
482 483
483 484
485 486
485 487
487 488
488 489
489 490
490 491
491 492
492 493
494 495
494 496
496 497
497 498
498 499
499 500
500 501
501 502
503 549
504 505
505 506
506 507
507 508
510 511
511 512
512 513
513 514
514 515
515 516
516 517
517 518
520 521
521 522
524 525
525 526
526 527
527 528
528 529
529 530
530 531
531 532
534 538
534 539
534 558
535 536
535 537
537 538
540 541
541 542
543 544
544 545
546 547
547 548
548 549
550 551
551 552
552 553
553 554
554 555
555 556
556 557
557 558
