0 1
0 2
0 3
0 8
0 63
0 100
0 126
0 131
1 4
1 7
1 15
1 65
2 3
2 9
3 10
3 41
3 48
3 72
3 74
3 79
3 114
3 125
4 6
4 8
5 6
5 21
6 7
6 64
7 8
7 29
8 16
9 10
9 28
9 62
9 88
9 93
9 101
9 106
9 121
9 127
10 11
11 12
12 13
13 14
17 18
17 19
19 20
20 21
21 30
21 34
21 49
21 53
21 78
21 89
21 99
22 23
23 24
24 25
25 26
26 27
27 28
30 31
31 32
32 33
35 36
35 95
36 37
37 38
38 39
38 94
39 40
40 41
40 93
42 43
42 44
44 45
45 46
46 47
47 48
49 50
50 51
51 52
53 54
54 55
56 57
57 58
58 59
59 60
60 61
61 62
64 65
66 67
67 68
68 69
69 70
70 71
71 72
73 74
75 76
76 77
77 78
79 80
80 81
82 83
83 84
84 85
85 86
86 87
87 88
89 90
90 91
91 92
94 95
96 97
96 98
98 99
101 102
102 103
103 104
104 105
106 107
108 109
109 110
110 111
111 112
112 113
113 114
115 116
116 117
117 118
118 119
119 120
120 121
122 123
123 124
124 125
127 128
128 129
129 130
