0 1
0 2
0 54
0 131
1 15
1 27
1 31
1 35
1 40
1 42
1 43
1 48
1 55
1 56
1 57
1 60
1 70
1 74
1 80
1 82
1 87
1 88
1 92
1 96
1 98
1 105
1 114
1 123
1 127
1 132
1 133
1 137
1 142
1 146
1 155
1 156
1 166
1 167
1 171
1 173
1 180
1 181
1 182
1 192
1 194
1 197
1 198
1 199
1 203
1 219
1 223
1 226
1 237
1 239
1 242
1 246
1 255
1 257
1 275
1 276
1 279
1 283
1 288
1 294
1 295
1 300
1 307
1 310
1 312
1 313
1 322
1 333
1 335
1 336
1 337
1 338
1 339
1 349
1 351
1 352
1 353
1 361
1 372
2 3
2 89
2 181
2 280
3 4
3 218
4 5
5 6
5 9
5 16
5 28
5 41
5 169
5 256
5 280
6 7
6 10
7 8
7 9
7 11
7 16
7 17
7 28
7 41
7 44
8 10
8 29
8 61
8 191
9 10
9 30
9 71
9 79
9 83
9 141
10 11
10 16
10 17
10 41
10 44
10 45
10 168
10 270
11 12
11 30
11 83
11 224
11 238
12 311
13 14
13 15
15 130
16 83
16 136
17 18
17 83
17 141
17 238
18 44
19 20
20 21
21 22
22 23
23 24
24 25
25 26
26 27
28 83
30 330
31 32
32 33
33 34
35 36
36 37
36 96
36 137
37 138
38 39
38 40
39 208
39 328
40 329
41 83
41 141
41 238
42 158
43 69
43 98
43 283
45 46
45 83
47 48
49 50
49 51
50 85
51 52
52 53
53 54
55 56
55 86
55 371
56 254
56 255
56 272
57 58
58 59
62 63
63 64
64 65
64 278
65 66
66 67
66 278
67 68
67 277
68 69
69 70
69 96
69 123
69 124
69 143
69 145
69 243
69 276
69 277
69 322
70 170
71 72
72 73
74 75
75 76
77 78
77 79
80 86
81 82
82 247
82 296
82 334
83 169
83 256
83 311
84 85
86 171
86 172
86 338
87 269
89 90
90 91
92 93
93 94
94 95
95 122
96 97
98 99
99 100
99 281
100 101
100 102
101 102
102 103
103 104
105 106
106 107
107 108
108 109
109 110
110 111
111 112
112 113
114 115
115 116
115 323
116 117
118 119
118 120
120 121
121 122
123 287
123 332
124 125
124 332
125 126
127 128
129 130
133 183
134 135
134 217
134 218
135 136
138 139
139 140
142 227
143 144
143 145
144 225
147 148
147 149
149 150
150 151
151 152
152 153
153 154
154 155
156 157
158 159
158 301
159 160
160 161
161 162
161 302
161 303
162 163
163 164
164 165
167 342
172 332
173 174
174 175
175 176
176 177
177 178
178 179
181 370
183 184
183 195
183 197
184 185
185 186
186 187
187 188
188 189
189 190
192 193
192 250
194 314
195 196
199 200
200 201
201 202
203 204
204 205
205 206
206 207
208 209
209 210
210 211
211 212
212 213
214 215
214 216
216 217
219 220
220 221
221 222
223 269
223 360
227 228
228 229
229 230
230 231
231 232
232 233
233 234
235 236
235 237
239 240
240 241
244 245
245 246
247 298
248 249
249 250
250 283
251 252
251 253
253 254
257 258
258 259
259 260
260 261
261 262
262 263
263 264
264 265
266 267
266 268
267 358
267 359
268 269
269 343
270 271
272 273
273 274
281 282
282 283
284 285
284 286
286 287
288 289
289 290
290 291
291 292
292 293
294 348
296 297
297 298
298 299
301 302
303 304
304 305
305 306
308 309
308 310
314 315
315 316
316 317
317 318
318 319
319 320
320 321
323 324
324 325
325 326
326 327
328 329
330 331
339 340
340 341
344 345
344 346
346 347
347 348
349 350
354 355
355 356
356 357
357 358
359 360
361 362
362 363
363 364
364 365
365 366
366 367
367 368
368 369
372 373
