0 1
1 2
2 3
2 399
2 472
3 4
4 5
5 398
6 7
6 11
7 12
8 9
9 10
10 11
12 13
12 18
12 23
12 40
12 43
12 45
12 50
12 53
12 63
12 74
12 75
12 88
12 92
12 120
12 133
13 14
14 15
16 17
16 18
17 51
18 19
18 50
18 51
18 93
18 111
18 112
18 124
19 20
20 21
20 82
21 22
21 102
22 23
22 81
22 85
22 113
23 24
23 75
23 82
23 116
24 25
25 26
25 114
26 27
27 28
27 139
28 29
29 30
29 139
30 31
31 32
32 33
33 34
33 52
33 65
33 66
33 99
33 103
33 109
33 125
34 35
34 76
35 36
36 37
37 38
38 39
40 41
41 42
42 43
42 74
43 44
43 74
44 45
44 702
45 46
45 91
45 697
46 47
46 101
46 696
47 48
47 54
48 49
48 54
49 60
51 64
52 59
53 81
55 56
55 57
57 58
57 100
58 59
59 100
59 496
60 61
60 694
60 695
61 83
62 63
62 64
62 87
63 102
64 87
64 137
64 469
64 475
64 476
64 702
64 792
66 67
66 117
66 140
66 412
67 68
67 134
67 138
67 400
67 410
68 69
68 134
68 140
68 414
69 70
70 71
71 72
73 439
73 441
73 442
73 443
73 454
73 459
73 460
76 77
77 78
78 79
79 80
83 84
83 93
83 694
84 94
85 86
86 87
88 89
89 90
89 690
89 691
90 91
90 691
90 693
90 697
90 698
95 96
96 97
97 98
98 99
103 104
103 121
104 105
105 106
106 107
107 108
109 110
109 125
109 401
109 507
109 508
110 141
110 506
110 699
110 700
114 115
115 116
118 119
119 120
120 757
122 123
123 124
126 127
126 128
127 415
128 129
128 416
129 130
130 131
131 132
131 138
132 736
135 136
135 414
136 413
141 142
142 143
142 506
143 144
144 145
145 146
146 505
147 509
147 510
147 512
148 149
148 150
148 161
149 160
149 172
149 179
149 180
149 238
149 247
149 385
150 151
151 152
151 161
151 173
151 181
152 153
153 154
153 155
153 162
153 173
153 185
153 248
153 282
153 386
153 391
154 155
154 185
155 156
155 162
155 186
155 248
155 284
156 157
156 185
156 282
157 158
157 163
157 174
157 182
157 185
157 186
157 187
157 196
157 204
157 213
157 222
157 237
157 239
157 240
157 246
157 260
157 261
157 276
157 281
157 285
157 298
157 299
157 320
157 321
157 332
157 333
157 345
157 351
157 361
157 362
158 159
160 161
161 180
161 184
161 247
161 385
163 164
164 165
165 166
166 167
167 168
168 169
169 170
170 171
173 284
173 295
174 175
174 566
175 176
175 715
176 177
177 178
179 183
180 181
182 296
183 184
185 186
185 239
185 273
186 282
187 188
188 189
189 190
190 191
191 192
192 193
193 194
194 195
196 274
197 198
197 274
198 199
199 200
200 201
201 202
202 203
204 205
205 206
206 207
207 208
208 209
209 210
210 211
211 212
213 214
213 249
214 215
215 216
215 249
216 217
217 218
218 219
219 220
220 221
220 250
223 224
224 225
225 226
226 227
226 316
226 317
227 228
228 229
230 231
230 232
231 283
232 233
233 234
234 235
235 236
236 237
240 312
240 336
240 346
240 377
240 397
240 577
240 586
240 591
240 595
240 597
240 606
240 607
240 608
240 621
240 622
240 628
240 634
240 646
241 242
241 389
242 387
243 244
243 389
244 245
245 246
251 363
251 671
252 253
253 254
254 255
255 256
256 257
257 258
257 297
258 259
259 260
259 297
261 262
262 263
263 264
264 265
265 266
266 267
267 268
268 269
270 271
270 278
271 272
272 273
275 276
277 278
279 280
280 281
285 286
286 287
287 288
288 289
289 290
290 291
291 292
293 294
294 295
299 300
300 301
301 302
302 303
303 304
304 305
305 306
306 307
306 392
307 350
308 370
308 371
309 310
309 311
310 367
310 598
311 312
311 598
312 393
312 606
312 650
313 314
314 315
315 316
317 318
318 319
319 320
321 322
322 323
323 324
324 325
325 326
326 327
327 328
328 329
330 331
331 332
333 334
334 335
335 336
337 338
338 339
339 340
340 341
341 342
342 343
343 344
344 345
346 347
347 348
348 349
349 350
352 357
352 359
353 354
354 366
354 596
355 356
356 357
356 364
356 673
357 358
357 660
357 665
358 359
358 689
359 360
359 363
359 659
359 665
359 666
359 672
359 688
361 363
361 376
361 377
361 591
361 658
361 659
361 666
361 672
361 686
361 687
361 688
363 689
364 365
364 367
365 366
365 596
367 620
368 369
368 377
369 370
371 372
372 373
373 374
374 375
376 377
377 378
378 379
379 380
380 381
381 382
382 383
383 384
384 637
387 388
390 566
390 712
393 394
393 397
394 395
394 606
395 396
395 578
395 579
395 649
396 576
398 399
398 471
400 420
401 402
402 403
403 404
404 405
405 406
406 407
407 408
408 409
410 411
416 417
417 418
418 419
419 420
421 422
421 487
421 488
421 496
421 502
421 504
421 507
421 508
421 513
422 423
423 424
423 487
424 425
425 426
426 427
427 428
427 477
427 486
428 429
428 430
429 430
429 477
429 478
430 431
431 432
431 481
433 434
433 435
433 440
434 455
434 461
435 436
436 437
437 438
438 439
438 443
438 454
439 444
439 771
441 468
444 445
444 747
444 748
445 751
446 447
446 467
447 448
448 449
450 451
450 452
451 458
452 453
456 457
456 590
457 458
462 769
462 770
463 464
463 573
464 465
465 466
465 716
466 716
466 717
467 578
467 589
469 470
470 471
472 474
473 474
475 476
475 523
475 701
475 711
477 478
478 479
479 480
480 481
481 503
482 483
483 484
484 485
484 510
485 486
485 495
486 495
486 512
488 489
489 490
489 505
490 491
491 492
492 493
493 494
493 497
493 511
493 514
495 509
497 498
498 499
498 500
499 500
500 501
501 502
515 516
515 800
516 517
516 794
516 795
517 518
518 519
518 793
518 794
519 520
520 521
521 522
522 801
523 524
524 525
524 703
525 526
526 527
526 703
526 705
527 528
528 529
529 704
530 531
530 539
530 551
530 556
530 575
531 532
531 541
532 533
533 534
534 535
534 541
535 536
536 540
536 546
537 538
538 539
540 550
542 543
542 544
544 545
545 546
547 548
547 549
549 550
551 552
551 572
552 553
554 555
555 556
557 558
557 559
559 560
560 561
561 562
562 563
563 564
564 565
565 566
566 567
566 718
566 726
566 735
567 568
568 569
569 570
570 571
571 572
573 574
576 589
579 580
580 581
581 582
581 648
583 584
584 585
585 586
586 587
587 588
590 591
590 605
592 593
592 594
593 627
594 595
599 600
599 601
601 602
602 603
603 604
604 605
608 609
609 610
610 611
611 612
612 613
613 614
614 615
616 657
616 658
617 618
618 619
619 620
621 642
623 624
623 625
625 626
626 627
628 629
629 630
630 631
630 647
631 632
632 633
632 641
632 647
633 640
634 635
635 636
638 639
639 640
641 642
643 644
643 645
645 646
648 649
651 652
651 653
653 654
654 655
655 656
656 657
659 677
660 661
661 662
661 758
661 771
662 663
663 664
665 675
667 668
668 669
669 670
670 671
673 674
675 676
676 677
678 679
679 680
680 681
681 682
682 683
683 684
684 685
685 686
692 693
695 696
705 706
705 711
706 707
706 708
707 709
708 709
709 710
712 713
713 714
714 715
717 718
719 720
719 738
720 721
721 722
722 723
723 737
724 725
724 737
725 806
726 727
726 736
726 806
727 728
728 729
729 730
730 731
731 732
732 733
733 734
739 740
739 741
739 744
739 745
739 752
740 747
740 749
740 755
741 742
741 743
744 747
745 746
745 756
748 749
750 751
752 753
753 754
758 760
758 770
759 760
760 761
760 766
760 771
761 762
762 763
763 764
763 765
763 783
765 775
765 789
766 770
767 768
767 769
771 778
772 773
772 779
773 780
774 775
774 779
776 777
777 778
780 781
781 782
784 785
784 791
785 786
786 787
787 788
788 789
790 791
792 793
796 797
796 798
797 804
798 805
799 800
799 805
801 802
803 804
