0 1
0 2
0 10
0 68
0 80
1 9
1 30
2 11
2 18
2 43
2 52
3 4
3 5
3 16
3 29
4 36
4 37
5 6
5 36
6 7
6 8
6 16
6 17
6 29
6 48
6 62
6 70
6 72
7 8
7 9
7 45
8 9
8 17
8 30
8 62
9 10
11 12
12 13
13 14
14 15
14 21
14 23
14 31
14 32
14 41
14 47
14 53
15 34
15 44
16 36
16 38
18 19
18 55
18 59
19 20
20 21
21 22
21 28
21 47
22 23
22 27
22 31
24 25
24 26
24 46
26 27
27 28
28 58
30 45
30 56
30 72
32 33
33 54
35 39
35 50
37 38
37 49
37 63
40 41
42 43
44 50
45 70
45 73
48 49
51 65
55 69
56 57
56 71
56 73
57 69
59 60
60 61
60 75
61 62
62 67
63 64
64 65
66 67
66 76
74 75
76 77
77 78
78 79
