0 1
0 2
0 18
0 30
0 33
0 35
0 38
0 44
0 46
0 63
1 19
2 3
2 14
2 29
3 4
3 11
3 30
4 5
4 36
4 37
4 50
4 53
5 6
5 11
5 45
6 7
6 53
7 10
7 13
7 40
7 43
7 45
7 48
7 54
7 56
7 58
7 59
8 9
8 12
8 31
9 10
9 28
9 32
10 12
10 31
10 39
10 49
10 55
10 57
11 29
11 36
11 53
12 13
12 28
14 15
15 16
16 17
16 18
16 33
16 44
16 46
16 63
19 20
20 21
20 27
21 22
22 23
22 27
23 24
24 25
25 26
25 64
28 39
28 47
30 36
31 32
31 40
31 51
32 39
32 41
32 47
32 55
33 34
34 35
34 44
34 62
35 36
36 42
36 52
41 59
42 53
43 53
45 53
47 48
47 54
52 53
53 56
53 58
60 61
61 62
