0 1
1 2
2 3
3 4
4 5
5 6
5 23
6 7
7 8
7 23
8 9
8 25
8 26
9 10
9 227
9 229
10 11
10 27
10 37
10 212
11 17
12 13
12 220
13 14
15 90
15 115
16 140
17 18
17 37
17 224
17 246
18 19
18 42
19 20
20 21
21 22
21 24
25 26
26 27
26 52
26 56
26 57
26 78
26 204
26 215
26 252
26 265
26 273
27 28
27 223
29 30
29 45
29 77
29 205
30 31
31 32
31 175
32 33
32 172
32 202
33 34
33 58
33 175
34 35
35 36
38 39
38 66
38 71
39 40
40 41
41 60
41 66
43 44
43 190
44 136
45 54
45 167
45 204
45 248
45 272
46 51
46 99
46 100
46 120
46 184
46 241
47 48
47 51
48 49
48 130
48 135
48 138
48 188
49 83
50 82
50 83
50 186
51 84
51 127
51 137
51 183
51 225
51 229
51 230
51 231
51 233
51 242
51 247
51 267
51 273
52 56
53 56
53 203
54 55
55 182
57 146
58 172
58 173
59 201
59 202
60 61
61 62
61 64
62 63
64 65
67 234
67 266
68 69
69 162
69 236
70 236
71 167
72 73
72 79
73 192
74 75
74 164
75 76
75 160
77 78
77 142
77 152
77 167
77 171
77 204
78 103
79 84
79 85
79 91
79 166
79 183
79 231
79 242
79 243
79 266
79 274
80 82
80 187
81 90
81 117
85 86
85 183
86 87
87 88
87 92
87 226
87 237
87 244
88 89
89 90
90 108
90 133
91 92
92 166
92 226
92 243
93 94
93 95
95 96
96 97
97 98
97 241
98 99
100 101
100 109
101 102
101 103
101 119
102 103
103 104
103 105
103 118
103 146
103 167
103 183
103 242
103 247
104 105
104 118
105 106
106 107
107 108
107 118
109 110
110 111
111 112
112 113
113 114
116 117
117 163
120 121
120 190
121 122
122 123
123 124
124 125
125 126
127 128
128 132
129 130
129 232
131 231
131 240
132 189
134 135
134 136
137 188
138 139
139 238
140 141
141 142
142 160
143 144
144 145
144 146
144 151
144 176
144 211
145 146
145 217
145 219
147 148
148 149
149 150
150 151
151 203
151 210
151 217
151 218
151 222
152 153
153 154
153 161
153 214
154 155
155 156
156 157
157 158
158 159
161 165
162 235
165 204
168 169
169 170
170 171
173 174
176 210
177 178
178 179
179 180
180 181
181 182
184 185
185 186
191 192
193 194
194 195
195 196
196 197
197 198
198 199
199 200
200 201
205 206
206 207
207 208
208 209
210 221
211 212
211 222
213 214
213 220
215 216
216 219
227 228
232 233
234 235
237 239
244 245
248 249
249 250
250 251
252 264
253 254
253 263
254 255
255 256
256 257
257 258
258 259
259 260
260 262
261 262
263 264
267 268
268 269
269 270
270 271
