0 1
0 13
1 2
1 11
1 18
2 10
3 4
3 12
3 158
3 159
4 5
5 6
6 7
7 8
8 9
9 10
12 14
13 18
13 19
14 15
15 16
15 46
16 17
16 144
17 25
17 129
17 144
19 20
20 21
21 22
22 23
23 24
25 26
26 129
27 28
27 29
27 62
28 56
29 30
30 31
30 62
31 32
31 33
31 68
32 33
32 68
33 34
33 67
33 73
33 141
34 35
34 63
34 67
34 70
34 73
34 76
34 83
34 90
34 92
34 113
35 36
36 37
36 72
36 74
36 86
36 94
36 96
36 122
37 38
37 82
37 116
38 39
38 122
38 125
38 126
39 40
39 64
39 89
39 136
40 41
41 42
41 64
41 95
41 97
41 98
41 110
41 114
41 120
41 132
42 43
43 44
43 61
43 123
44 45
44 46
44 50
44 55
44 57
44 66
44 81
44 84
46 47
46 51
46 55
46 81
46 87
47 48
48 49
48 57
48 66
48 87
49 51
49 52
49 58
49 134
50 51
51 133
52 53
52 133
53 54
53 60
53 134
57 61
57 81
57 84
58 79
58 104
58 119
59 80
59 138
64 111
64 112
64 124
65 96
68 75
69 96
70 71
70 91
71 72
71 74
71 91
75 90
76 103
77 78
77 101
77 121
78 79
78 138
85 86
88 89
88 95
92 93
93 94
96 115
96 141
97 124
98 99
99 100
100 101
100 121
102 103
102 105
104 127
104 137
106 107
107 108
108 109
109 110
114 135
117 118
118 119
122 136
122 140
124 136
128 129
128 144
129 130
129 145
130 131
131 142
135 137
135 139
142 143
144 147
145 146
148 149
148 151
149 150
149 157
151 152
152 153
153 154
154 156
155 156
155 161
159 160
160 161
