0 1
0 2
0 10
0 126
0 139
1 9
1 30
2 11
2 18
2 46
2 64
3 4
3 5
3 16
3 29
4 36
4 37
4 55
5 6
5 36
6 7
6 8
6 16
6 17
6 29
6 53
6 58
6 79
6 128
6 130
7 8
7 9
7 49
8 9
8 17
8 30
8 79
9 10
9 17
9 49
10 65
11 12
11 52
12 13
13 14
14 15
14 21
14 23
14 27
14 31
14 32
14 39
14 42
14 44
14 45
14 50
14 52
14 63
14 66
14 67
14 68
14 75
15 34
15 47
15 62
16 36
16 38
16 55
18 19
18 70
18 76
19 20
19 141
20 21
20 140
21 22
21 28
21 52
22 23
22 27
22 31
24 25
24 26
24 50
26 27
26 51
27 28
27 39
27 43
28 75
30 49
30 73
30 130
32 33
33 69
34 56
35 40
35 56
35 57
37 38
37 54
37 80
41 42
41 66
41 71
45 46
45 61
47 48
47 57
49 128
49 129
49 131
51 52
53 54
53 59
54 60
58 59
59 60
60 82
64 72
70 127
73 74
73 129
73 131
74 127
76 77
76 83
77 78
77 134
78 79
79 90
80 81
81 82
83 84
84 85
85 86
86 87
87 88
89 90
89 135
91 92
92 93
93 94
93 120
94 95
95 96
95 123
96 97
96 103
97 98
97 103
97 119
98 99
98 109
98 118
99 100
99 119
99 132
100 101
100 108
100 110
101 102
101 104
101 106
101 107
101 132
102 105
102 111
104 105
104 111
105 106
107 108
109 110
109 119
110 118
110 132
111 112
111 133
112 113
113 114
114 115
114 122
115 116
116 117
118 119
120 121
123 124
124 125
133 134
135 136
136 137
137 138
141 142
142 143
143 144
144 145
145 146
146 147
147 148
148 149
149 150
150 151
