0 219
1 2
1 4
1 8
2 3
2 55
2 100
2 106
3 65
3 66
3 68
3 84
4 7
4 11
4 13
4 14
4 20
4 21
4 28
4 29
4 33
4 35
4 36
4 39
4 46
4 52
5 6
5 9
5 34
6 7
7 34
7 113
9 10
12 13
14 15
14 135
14 136
14 179
15 16
16 17
17 18
19 20
21 22
22 24
23 24
25 26
25 27
26 157
27 113
30 31
30 32
31 45
32 33
37 38
37 215
38 53
39 53
40 41
41 42
41 72
41 80
42 43
42 69
42 70
42 79
43 44
43 62
44 65
46 47
48 49
49 50
50 51
51 52
54 195
55 92
55 99
56 57
56 92
56 99
56 104
57 58
58 59
58 200
59 60
60 93
61 113
61 151
61 176
62 65
62 69
62 73
62 78
63 217
63 218
64 113
64 159
64 181
65 66
65 74
65 81
65 85
65 88
67 83
68 83
70 71
71 79
72 73
72 80
72 82
73 81
73 85
74 75
75 76
76 77
78 82
86 87
87 217
89 90
89 91
89 110
90 102
91 92
91 99
91 102
92 95
92 103
92 106
92 110
93 94
93 98
93 101
93 107
93 108
93 109
93 201
95 96
96 97
99 106
104 105
106 203
111 202
111 203
112 113
113 117
113 122
113 123
113 125
113 130
113 137
113 138
113 140
113 145
113 146
113 155
113 156
113 161
113 166
113 169
113 173
113 178
113 180
113 191
113 192
113 193
113 195
114 115
114 167
115 116
116 117
116 167
117 219
118 119
119 120
120 121
121 122
121 131
121 168
121 197
123 124
124 127
125 126
126 154
126 155
128 129
128 185
129 172
130 172
131 132
131 168
132 133
134 135
136 137
138 139
140 141
141 142
142 143
143 144
146 147
147 148
148 149
149 150
152 153
152 154
157 158
159 160
161 162
162 163
163 164
164 186
165 166
165 198
169 170
170 171
171 196
173 174
175 176
175 184
177 178
179 194
181 182
181 218
183 184
187 188
187 189
189 190
190 191
199 200
199 202
204 205
204 206
206 207
207 208
208 209
209 210
209 216
210 211
211 212
212 213
213 214
214 215
