0 1
0 2
0 20
0 21
0 37
0 52
2 3
2 25
3 4
3 21
3 25
4 5
5 6
6 7
7 8
8 9
8 56
9 10
9 19
9 35
10 11
10 35
10 56
11 12
12 13
12 18
12 50
12 53
13 14
13 22
13 30
14 15
14 26
14 40
14 45
14 50
14 51
14 53
14 54
15 16
16 17
17 36
18 19
19 56
20 44
21 44
22 23
23 24
26 27
27 28
28 29
30 31
31 32
32 33
32 34
32 38
33 39
35 56
40 41
40 69
41 42
42 43
45 46
47 48
47 49
47 55
51 99
54 55
57 58
57 59
58 70
59 60
59 70
59 71
60 61
61 62
61 69
61 71
62 63
62 81
63 64
64 65
64 81
64 84
65 66
66 67
67 68
67 79
68 72
72 73
72 80
72 82
72 83
73 74
73 80
73 82
73 83
74 75
75 76
76 77
77 78
84 85
85 86
87 88
87 89
89 90
90 91
91 92
92 93
93 94
93 107
94 95
95 96
96 97
97 98
98 99
99 100
100 101
101 102
101 103
102 103
103 104
104 105
105 106
107 108
108 109
109 110
110 111
111 112
