0 1
0 2
0 15
1 47
2 3
2 54
3 4
4 5
4 18
4 23
4 35
4 41
4 42
4 50
4 51
4 55
4 100
5 6
6 7
6 100
7 8
8 9
9 10
10 11
10 16
10 17
11 12
11 31
11 32
11 33
11 40
12 13
12 19
12 22
13 14
13 31
13 40
15 44
16 21
19 20
21 43
22 48
23 24
23 49
24 25
25 26
25 49
26 27
27 28
28 29
29 30
32 33
33 34
35 36
36 52
37 38
38 39
39 47
43 53
43 56
43 62
43 72
43 86
44 45
45 46
46 53
51 54
56 63
57 58
57 73
58 59
58 66
58 67
58 68
58 83
58 96
59 60
59 95
60 61
61 62
61 99
63 64
63 65
63 72
63 97
64 65
65 71
65 82
66 92
67 68
67 93
68 78
68 84
68 98
69 70
69 71
71 80
71 85
73 74
74 75
75 76
76 77
78 79
79 84
80 81
80 82
86 87
87 88
88 89
89 90
91 94
93 94
93 96
