0 1
0 2
2 3
3 4
4 5
4 63
5 6
6 7
7 8
7 64
7 65
8 9
8 26
8 34
8 51
8 69
8 86
9 10
9 41
9 49
9 58
9 59
9 65
9 66
9 74
9 76
9 77
9 78
9 92
9 103
9 110
10 11
10 93
10 98
11 12
11 61
12 13
12 24
12 40
12 62
12 79
12 109
13 14
13 25
13 109
14 15
15 16
15 25
16 17
17 18
19 20
19 21
21 22
21 67
22 23
23 24
26 27
27 28
27 34
28 29
28 91
29 30
30 31
31 32
31 47
31 48
32 33
35 36
36 37
37 38
38 39
39 40
41 42
42 43
43 44
44 45
45 46
46 47
50 51
50 108
52 53
52 54
54 55
55 56
56 57
57 58
59 60
60 61
61 62
61 78
63 64
66 104
67 68
69 70
71 72
72 73
72 84
73 74
75 76
79 80
80 81
81 82
82 83
84 85
87 88
88 89
89 90
90 91
93 94
95 96
96 97
97 98
99 100
99 101
101 102
102 103
104 105
106 107
106 108
