0 1
1 2
2 3
3 4
4 5
5 6
6 7
7 8
8 9
9 10
9 23
9 29
9 34
9 48
9 57
9 66
9 73
9 81
9 96
9 108
9 115
9 125
9 129
9 141
9 156
9 158
9 164
9 173
9 187
9 194
9 207
9 228
9 237
9 250
9 254
9 266
9 281
9 287
9 297
9 306
9 315
9 323
9 337
9 350
9 359
9 380
9 386
9 394
9 422
9 428
9 441
9 462
9 463
9 467
9 476
9 479
9 494
9 501
9 513
9 514
9 517
9 529
9 538
9 555
9 563
9 574
9 586
9 591
9 610
9 621
9 628
9 637
9 648
9 652
9 659
9 663
9 672
9 677
9 678
9 695
9 702
9 706
9 712
9 721
9 723
9 731
9 738
9 755
9 767
9 772
9 784
9 788
9 803
9 816
9 817
9 820
9 824
9 830
9 835
9 838
9 843
9 845
9 849
9 861
9 868
9 883
9 892
9 901
9 910
9 911
9 920
9 922
9 936
9 942
9 953
9 954
9 967
9 973
9 977
9 980
9 984
9 985
10 11
10 217
10 595
10 795
10 893
10 955
10 993
11 12
11 20
11 537
12 13
12 435
12 796
13 14
13 19
13 536
14 15
14 18
14 24
14 30
14 33
14 58
14 67
14 72
14 97
14 109
14 114
14 124
14 128
14 142
14 147
14 157
14 163
14 188
14 193
14 208
14 213
14 216
14 227
14 238
14 241
14 251
14 255
14 267
14 272
14 282
14 286
14 296
14 303
14 316
14 317
14 322
14 331
14 336
14 349
14 368
14 371
14 387
14 395
14 398
14 401
14 413
14 423
14 427
14 442
14 447
14 450
14 453
14 464
14 465
14 480
14 483
14 495
14 498
14 502
14 505
14 518
14 530
14 535
14 556
14 562
14 573
14 592
14 609
14 622
14 627
14 631
14 636
14 646
14 651
14 662
14 696
14 699
14 703
14 707
14 711
14 730
14 734
14 737
14 756
14 768
14 771
14 785
14 799
14 801
14 802
14 807
14 821
14 822
14 825
14 829
14 834
14 842
14 850
14 862
14 867
14 877
14 882
14 900
14 923
14 926
14 943
14 958
14 968
14 972
14 974
14 981
16 17
17 18
19 20
21 22
22 23
24 25
25 26
27 28
27 29
31 32
32 33
34 35
35 36
36 37
37 38
38 39
39 40
40 41
41 42
43 44
43 45
45 46
46 47
47 48
49 50
50 51
51 52
52 53
53 54
54 55
55 56
56 57
58 59
59 60
61 62
62 63
63 64
64 65
65 66
67 68
68 69
70 71
71 72
73 74
74 75
75 76
76 77
77 78
78 79
79 80
81 82
82 83
83 84
84 85
85 86
86 87
88 89
89 90
90 91
91 92
92 93
93 94
94 95
95 96
97 98
98 99
100 101
100 102
102 103
103 104
104 105
105 106
106 107
107 108
109 110
110 111
112 113
112 114
115 116
116 117
117 118
118 119
119 120
120 121
121 448
122 123
123 124
126 127
126 128
129 130
130 131
131 132
132 133
133 134
134 135
135 136
136 137
138 139
139 140
139 608
140 141
142 143
143 144
145 146
146 147
148 149
149 150
150 151
151 152
152 153
153 154
154 155
155 156
158 159
159 160
161 162
161 163
164 165
165 166
166 167
167 168
168 169
169 170
170 171
171 172
173 174
174 175
175 176
176 177
177 178
179 180
180 181
181 182
182 183
183 184
184 185
185 186
186 187
188 189
189 190
191 192
191 193
194 195
195 196
196 197
197 198
199 200
199 201
201 202
202 203
203 204
204 205
205 206
206 207
208 209
209 210
211 212
211 213
214 215
214 216
217 218
218 219
219 220
219 921
220 221
221 222
222 223
223 224
225 226
225 227
229 230
229 231
231 232
232 233
233 234
234 235
235 236
236 237
238 239
239 240
241 775
242 243
243 244
244 245
245 246
246 247
247 248
248 249
249 250
251 252
252 253
255 256
256 257
258 259
259 260
260 261
261 262
262 263
263 264
264 265
265 266
267 268
268 269
270 271
270 272
273 274
274 275
275 276
276 277
277 278
278 279
279 280
280 281
282 283
284 285
284 286
287 288
288 289
289 290
290 291
291 292
292 293
293 294
294 295
297 298
298 299
299 300
300 301
301 302
303 304
304 305
306 403
307 308
307 309
309 310
310 311
311 312
312 313
313 314
314 315
317 318
319 320
319 321
321 322
323 324
324 325
325 326
326 327
327 328
328 329
329 330
331 332
332 333
334 335
335 336
337 338
338 339
339 340
340 341
341 342
342 343
343 344
344 345
346 347
346 348
348 349
350 351
351 352
352 353
353 354
354 355
355 356
356 357
357 358
359 360
360 361
361 362
362 363
363 364
364 365
365 366
366 367
368 369
369 370
372 373
372 374
374 375
375 376
376 377
377 378
378 379
379 380
381 382
382 383
383 384
384 385
385 386
387 388
388 389
390 391
391 392
392 393
392 800
393 394
395 396
396 397
398 399
399 400
401 402
403 404
404 405
405 406
406 407
407 408
408 409
409 410
411 412
412 413
414 415
414 416
416 417
417 418
418 419
419 420
420 421
421 422
423 424
425 426
425 427
428 429
430 431
430 432
432 433
433 434
434 435
436 437
437 438
438 439
439 440
440 441
442 443
443 444
445 446
446 447
448 449
450 451
451 452
454 455
454 456
456 457
457 458
458 459
459 460
460 461
461 462
465 466
467 468
468 469
469 470
470 471
471 472
472 473
473 474
474 475
477 478
478 479
478 773
480 481
481 482
483 484
484 485
486 487
487 488
488 489
489 490
490 491
491 492
492 493
493 494
495 496
496 497
498 499
499 500
502 503
503 504
505 506
506 507
508 509
509 510
510 511
511 512
512 513
514 515
515 516
518 519
519 520
521 522
522 523
523 524
524 525
525 526
526 527
527 528
528 529
530 531
531 532
533 534
534 535
536 537
538 539
539 540
540 541
541 542
542 543
543 544
544 545
545 546
547 548
548 549
549 550
550 551
551 552
552 553
553 554
554 555
556 557
557 558
558 559
560 561
560 562
563 564
564 565
565 566
566 567
567 568
568 569
569 570
571 572
572 573
574 575
575 576
576 577
577 578
578 579
579 580
580 581
581 582
583 584
583 585
585 586
587 588
587 589
589 590
590 591
592 593
593 594
595 596
596 597
597 598
598 599
599 600
600 601
601 602
603 604
604 605
605 606
606 607
607 608
610 611
611 612
613 614
613 615
615 616
616 617
617 618
618 619
619 620
620 621
622 623
623 624
625 626
626 627
628 629
629 630
631 632
632 633
634 635
635 636
637 638
638 639
639 640
640 641
641 642
642 643
643 644
644 645
646 647
649 650
650 651
652 653
653 654
654 655
655 656
656 657
657 658
660 661
661 662
664 665
665 666
666 667
667 668
668 669
669 670
670 671
671 672
673 674
673 675
675 676
676 677
678 679
679 680
680 681
681 682
682 683
683 684
684 685
685 686
687 688
687 689
689 690
690 691
691 692
692 693
693 694
694 695
696 697
697 698
700 701
700 702
704 705
704 706
707 708
708 709
710 711
712 713
713 714
714 715
715 716
716 717
717 718
718 719
719 720
721 722
723 724
724 725
725 726
726 727
728 729
729 730
732 733
732 734
735 736
735 737
738 739
739 740
740 741
741 742
742 743
743 744
744 745
745 746
747 748
747 749
749 750
750 751
751 752
752 753
753 754
754 755
756 757
757 758
759 760
760 761
761 762
762 763
763 764
764 765
765 766
766 767
768 769
769 770
774 775
776 777
777 778
778 779
779 780
780 781
781 782
782 783
783 784
785 786
786 787
788 789
789 790
790 791
791 792
792 793
793 794
795 796
797 798
797 799
804 805
805 806
806 807
808 809
809 810
810 811
811 812
812 813
813 814
814 815
815 816
818 819
819 820
822 823
826 827
827 828
828 829
830 831
832 833
833 834
835 836
836 837
838 839
839 840
840 841
843 844
846 847
847 848
848 849
850 851
851 852
853 854
854 855
855 856
856 857
857 858
858 859
859 860
860 861
862 863
863 864
865 866
866 867
868 869
869 870
870 871
871 872
872 873
873 874
874 875
875 876
877 878
878 879
880 881
880 882
883 884
884 885
885 886
886 887
887 888
888 889
889 890
890 891
893 894
894 895
895 896
896 897
898 899
899 900
901 902
902 903
903 904
904 905
905 906
906 907
907 908
908 909
912 913
913 914
914 915
915 916
916 917
917 918
918 919
919 920
923 924
924 925
926 927
928 929
928 930
930 931
931 932
932 933
933 934
934 935
935 936
937 938
937 939
939 940
940 941
941 942
943 944
944 945
946 947
946 948
948 949
949 950
950 951
951 952
952 953
956 957
956 958
959 960
959 961
961 962
962 963
963 964
964 965
965 966
966 967
968 969
970 971
970 972
974 975
975 976
978 979
979 980
981 982
982 983
985 986
986 987
987 988
988 989
989 990
990 991
991 992
