0 295
0 296
1 2
1 3
2 67
2 68
2 90
2 91
3 4
4 5
4 67
5 6
5 38
6 7
6 33
6 45
6 47
6 57
6 79
7 8
7 37
7 78
7 558
8 9
8 17
8 47
8 49
9 10
9 11
9 78
9 192
10 11
10 18
10 77
10 115
11 12
11 92
12 13
13 14
13 94
13 116
14 15
14 66
14 146
15 16
16 66
16 105
16 827
17 18
19 20
19 439
20 21
20 781
21 22
22 23
23 24
24 25
25 26
25 443
26 27
27 28
27 322
28 29
29 30
29 322
29 769
29 782
30 31
30 235
30 309
30 444
30 520
30 616
31 32
32 33
32 444
32 445
33 149
33 445
33 609
34 97
34 98
35 169
35 170
36 37
36 97
38 39
39 40
40 41
41 42
42 43
43 44
45 46
46 118
47 48
47 615
48 95
49 174
49 175
49 176
50 51
50 175
51 52
52 53
53 54
53 103
54 55
55 56
57 58
58 59
59 60
60 61
61 62
62 63
63 64
64 65
68 69
68 88
68 91
68 241
68 271
69 70
70 71
71 72
72 673
73 74
74 75
75 76
76 77
77 115
79 80
80 81
81 82
82 83
83 84
84 85
85 86
86 87
88 89
88 90
89 148
92 93
93 94
96 467
96 468
98 101
99 100
99 102
101 102
103 104
105 117
105 639
105 640
105 797
106 107
107 108
107 630
107 644
108 109
108 630
109 110
110 111
110 631
111 112
112 113
112 632
112 633
113 627
114 520
114 628
114 629
118 119
119 120
120 121
121 122
122 123
123 124
125 126
125 208
125 266
126 127
126 207
127 128
128 129
129 130
130 131
130 207
130 264
131 132
132 133
133 134
134 135
135 136
136 137
136 139
136 206
136 210
136 214
136 228
136 246
136 261
136 278
136 287
136 296
137 138
137 229
138 139
138 206
138 230
139 140
139 204
139 213
139 232
140 141
140 218
141 142
142 143
143 144
144 145
145 212
146 147
150 151
150 152
152 153
153 154
154 155
155 156
156 157
157 158
158 187
158 194
158 546
159 160
159 187
160 161
161 162
162 163
163 164
164 165
164 171
164 172
165 166
166 167
167 168
168 169
170 171
173 220
173 222
173 255
173 256
176 177
178 179
178 635
179 180
180 181
181 182
182 183
183 184
184 185
185 186
187 545
188 189
188 235
188 241
188 258
189 234
190 597
191 249
191 250
192 193
194 545
195 196
196 197
196 394
196 559
197 198
197 433
197 801
198 199
199 200
199 357
199 563
199 821
200 201
201 202
201 573
202 203
204 205
204 213
205 206
205 210
208 209
208 215
210 213
211 212
211 233
212 219
213 214
213 246
213 261
213 262
213 278
216 217
217 218
220 221
220 255
220 326
220 412
220 415
220 417
221 222
221 421
222 223
222 225
222 226
222 239
222 240
222 241
222 247
222 248
222 256
222 281
222 416
222 417
222 421
222 429
223 224
223 240
224 225
224 247
225 226
225 240
225 280
226 227
226 310
226 429
227 270
227 280
227 311
228 230
229 230
230 231
230 259
231 232
232 260
233 234
235 236
235 323
236 237
237 238
238 239
238 279
239 279
241 242
241 392
241 413
242 243
243 244
244 245
248 249
250 251
251 252
252 253
253 254
256 257
256 289
257 258
258 413
259 260
262 263
264 265
265 266
267 268
267 270
268 269
269 270
270 288
271 272
272 273
273 274
274 275
274 646
275 276
275 435
276 277
281 326
282 283
283 284
283 326
283 327
284 285
285 286
289 308
290 291
291 292
292 293
293 294
294 295
297 298
298 299
299 300
300 301
301 302
302 303
302 370
303 304
304 305
304 370
305 306
306 307
306 369
307 308
309 310
311 312
313 314
313 315
314 322
315 316
316 317
317 318
317 618
318 319
319 320
319 619
320 321
320 620
321 322
322 533
322 617
322 620
323 324
324 325
327 328
328 329
329 330
330 331
331 332
333 334
333 484
334 335
334 484
334 496
334 509
335 336
336 337
336 509
336 510
337 338
338 339
338 510
338 537
338 578
339 340
339 371
339 475
339 478
339 495
339 501
340 341
340 412
341 342
342 343
342 412
343 344
343 449
343 507
344 345
344 474
344 497
344 689
345 346
345 448
345 511
346 431
346 497
347 348
347 431
348 349
349 350
349 466
350 432
351 352
352 353
353 354
354 355
355 356
356 357
357 358
357 879
358 359
359 360
360 361
362 363
362 771
362 798
363 364
364 365
365 366
366 367
366 774
367 368
371 372
371 473
371 710
371 800
372 373
373 374
373 472
374 375
375 376
376 377
377 378
378 379
380 817
380 838
380 853
381 382
382 383
383 384
384 385
385 386
386 387
387 388
388 389
389 390
389 690
389 776
390 391
392 393
393 394
394 395
394 575
394 799
395 396
395 560
396 397
397 398
398 399
399 400
400 401
401 402
403 404
403 405
405 406
406 407
407 408
408 409
409 410
409 489
410 411
411 412
412 434
413 414
414 428
417 430
418 419
418 512
419 423
419 704
419 791
419 859
420 422
420 446
420 691
420 692
420 784
420 786
420 787
420 792
422 423
424 425
425 426
426 427
427 428
432 466
435 645
436 437
436 487
437 438
438 486
438 508
439 440
440 441
441 442
442 443
444 783
446 447
447 703
450 451
450 452
451 499
452 453
453 454
454 455
454 705
454 707
455 456
456 457
456 868
456 869
457 458
457 538
458 459
459 460
459 538
460 461
461 462
461 706
462 463
463 464
463 498
463 706
464 465
464 525
468 469
469 470
470 599
470 600
471 600
471 601
472 473
474 485
475 476
476 477
478 479
478 611
479 480
480 481
480 611
481 482
482 483
483 612
484 579
485 486
485 508
487 488
490 491
491 492
492 493
493 494
494 495
498 525
499 500
500 501
502 503
502 521
503 504
504 505
505 506
506 564
506 585
512 513
512 537
512 550
512 557
513 514
513 555
514 515
515 516
516 517
517 518
518 519
519 590
520 521
520 629
522 523
522 524
522 610
524 525
525 860
525 870
526 527
526 528
527 581
527 587
528 529
528 587
529 530
529 531
530 531
531 532
531 582
532 533
533 534
533 535
533 582
533 588
533 589
533 617
533 769
534 535
535 536
535 583
536 537
537 565
537 570
537 578
538 864
538 869
539 540
539 553
539 554
540 541
541 542
541 554
542 543
543 544
544 545
546 547
547 548
548 549
549 550
550 557
551 552
552 553
554 556
560 561
560 575
561 562
562 563
565 566
566 567
567 568
568 569
569 570
570 571
571 572
572 577
573 574
576 647
576 649
576 742
576 743
579 580
581 586
582 583
584 585
591 592
591 616
592 593
593 594
594 595
595 596
596 597
597 598
597 753
597 754
597 763
598 599
601 602
602 603
602 622
603 604
605 606
605 607
607 608
608 609
612 613
613 614
618 619
621 622
623 624
624 625
625 626
626 644
627 628
627 634
631 632
635 636
636 637
637 638
638 639
640 641
641 642
642 643
643 843
643 844
643 845
643 855
645 661
646 647
647 648
647 664
647 670
647 683
648 649
648 669
648 742
648 743
649 650
649 669
650 651
651 654
651 662
651 667
652 653
652 655
652 656
653 657
654 655
655 663
656 657
657 658
658 659
659 660
662 682
665 670
665 671
666 744
666 745
667 668
670 675
671 672
671 674
671 675
672 673
673 674
676 677
676 682
677 678
678 679
679 680
680 681
683 684
684 685
685 686
686 687
687 688
690 691
690 699
690 775
692 693
694 695
695 696
696 697
697 698
698 699
700 701
701 702
702 703
704 786
707 708
708 709
710 711
710 797
711 712
711 735
711 737
712 713
712 732
713 714
713 731
713 737
714 715
715 727
716 717
716 736
717 718
718 719
719 720
720 721
721 722
721 728
721 729
722 724
723 724
724 725
724 793
725 726
725 738
726 727
729 730
730 731
732 733
732 737
733 734
734 735
739 740
739 749
740 741
741 742
743 744
745 746
746 747
746 748
750 751
750 752
750 805
751 813
751 833
752 804
752 832
754 755
755 756
756 757
757 758
758 759
759 760
760 761
761 762
764 809
764 810
765 766
765 769
766 768
767 768
769 770
769 775
770 771
771 772
773 774
776 777
777 778
778 779
779 780
782 783
784 785
786 791
787 790
788 789
788 790
793 794
794 795
795 796
797 798
800 826
801 802
803 817
803 840
803 841
804 805
804 806
804 812
805 818
806 807
806 818
807 808
808 809
808 817
810 811
812 815
814 833
814 834
815 816
819 820
820 883
821 878
822 825
822 826
823 824
824 825
827 828
828 829
829 830
830 831
831 832
834 835
835 836
836 837
838 839
840 841
841 842
842 843
843 844
845 854
846 847
847 848
848 849
849 850
850 851
851 852
852 853
856 857
857 858
858 859
860 861
861 862
862 863
863 864
864 876
865 866
865 867
867 868
869 876
870 871
871 872
872 873
873 874
874 875
877 878
879 880
880 881
881 882
882 883
