0 1
0 63
1 2
2 3
2 63
2 64
3 4
4 5
4 64
4 149
5 11
5 84
6 7
6 23
7 8
8 9
9 10
10 11
11 12
12 13
12 24
12 84
13 14
14 24
14 25
15 16
15 25
16 17
17 18
18 19
19 20
20 21
21 22
22 43
24 73
25 26
25 42
25 44
25 45
25 62
25 74
25 86
25 87
25 88
25 90
25 98
25 111
25 115
25 122
25 136
25 141
25 146
26 27
27 28
27 89
28 29
29 30
29 89
30 31
31 32
32 33
33 34
35 36
35 37
36 83
37 38
38 39
39 40
40 41
41 42
44 72
45 46
46 47
47 48
48 49
49 50
50 51
51 52
52 53
54 55
54 56
56 57
57 58
58 59
59 60
60 61
61 62
62 215
65 66
66 67
67 68
68 69
69 70
70 71
71 72
74 75
75 76
76 77
76 99
77 78
78 79
79 80
79 101
80 81
81 82
85 86
87 110
90 91
91 92
92 93
93 94
94 95
95 96
96 97
97 102
99 100
100 101
103 104
103 105
105 106
106 107
107 108
108 109
109 110
111 112
112 113
113 114
116 117
117 118
118 119
119 120
120 121
121 122
123 124
123 147
124 125
125 126
125 217
126 127
127 209
127 213
128 129
128 130
128 131
130 131
131 132
132 133
133 134
134 135
135 136
137 138
138 139
139 140
140 141
142 143
142 144
143 157
143 158
143 186
143 206
143 208
143 218
143 219
144 145
145 146
148 162
148 189
150 151
150 166
151 152
151 153
151 168
151 175
151 177
151 190
152 153
152 175
152 179
153 154
153 188
154 155
154 175
154 179
154 180
154 184
154 191
155 156
155 176
155 182
155 188
156 157
156 184
156 192
156 201
156 208
156 218
156 219
158 159
159 160
159 181
159 186
160 161
160 172
161 162
162 169
162 172
162 187
162 199
163 209
164 165
165 209
165 210
166 167
166 168
167 178
167 185
169 170
170 171
170 183
172 181
173 174
174 211
174 212
175 176
175 182
177 178
180 192
182 211
190 191
193 194
193 202
194 195
195 196
196 197
197 198
197 207
198 203
199 200
203 204
203 207
204 205
205 206
213 214
213 216
214 215
216 217
