0 1
0 6
0 7
0 8
0 10
0 27
0 28
0 39
0 40
0 41
0 54
0 61
0 80
0 84
0 92
0 101
0 106
0 131
0 133
0 147
0 148
0 159
0 160
0 161
0 177
0 178
0 189
0 190
0 194
0 211
0 212
0 222
0 239
0 256
0 261
0 279
0 289
0 292
0 293
0 295
0 299
0 305
0 306
0 307
0 315
0 316
0 326
0 338
0 347
0 356
0 360
0 371
0 372
0 382
0 400
0 409
0 413
0 418
0 427
0 428
0 430
0 439
0 444
0 447
0 450
0 451
0 460
0 464
0 475
0 476
0 485
0 486
0 499
0 515
0 531
0 534
0 538
0 544
0 545
0 549
0 550
0 551
0 562
0 574
0 578
0 583
0 587
0 596
0 599
0 600
0 605
0 606
0 615
0 619
0 621
0 631
0 634
0 635
0 639
0 640
0 641
0 643
0 648
0 655
0 656
0 664
0 673
0 682
0 684
0 685
0 688
0 692
0 698
0 699
0 700
0 701
0 702
0 703
0 704
0 705
0 707
0 709
0 711
0 712
0 715
0 716
0 718
0 719
1 29
1 55
1 64
1 76
1 85
1 91
1 415
1 519
1 638
1 710
1 762
2 3
2 4
4 5
5 6
7 79
7 104
7 190
8 9
8 162
8 539
10 11
10 762
10 1111
11 12
12 13
13 14
14 15
15 16
16 17
17 18
19 20
19 21
20 62
21 22
21 62
21 63
22 23
23 24
23 63
24 25
24 115
25 26
26 27
26 115
26 656
28 29
28 260
29 30
29 70
29 116
30 70
30 257
31 32
31 33
33 34
34 35
35 36
36 37
37 38
38 39
41 42
42 43
43 44
44 45
46 47
46 48
48 49
49 50
49 335
49 809
49 1098
50 51
50 334
50 809
51 52
52 53
53 54
53 333
53 1099
54 332
54 762
55 56
55 90
55 105
55 372
56 57
56 91
57 58
57 372
58 857
59 60
60 61
64 65
64 347
64 721
64 722
64 761
64 791
64 1168
64 1175
64 1188
65 66
65 725
65 750
65 769
65 824
65 825
65 835
65 1177
65 1213
65 1214
65 1215
66 67
66 220
66 693
66 825
66 1019
66 1167
66 1179
66 1189
66 1207
66 1211
67 68
67 240
67 258
67 270
67 506
67 869
67 962
67 1100
67 1142
67 1158
67 1169
67 1198
67 1199
67 1206
67 1212
68 69
70 71
70 586
71 72
72 73
73 74
74 75
76 77
76 90
76 103
76 146
76 535
77 78
78 103
80 81
80 762
81 82
82 83
83 1092
84 278
84 408
84 762
85 86
85 87
85 137
85 308
86 87
86 472
86 638
87 221
87 331
88 89
88 136
88 179
88 604
89 90
89 132
89 135
90 91
90 604
91 147
91 178
91 179
92 93
93 94
94 95
95 96
96 97
97 98
98 99
99 100
101 102
103 415
103 416
103 914
105 308
105 657
105 792
105 917
106 107
107 108
108 109
108 1124
109 110
109 1125
110 111
111 112
112 113
113 114
113 1126
113 1127
116 117
117 118
118 119
119 120
120 121
121 122
121 654
122 653
123 124
124 125
125 126
126 127
127 128
128 129
129 130
130 131
130 391
131 720
131 762
133 134
133 762
134 375
135 136
135 139
136 180
136 603
136 616
137 138
138 139
139 308
140 141
140 142
142 143
142 536
143 144
143 535
144 145
145 146
146 147
146 534
146 605
148 149
149 150
150 500
151 152
151 153
151 154
152 269
152 585
153 154
154 155
155 156
155 807
156 157
156 490
156 802
156 803
157 158
158 159
159 490
159 762
160 762
162 163
163 164
164 165
165 166
166 167
167 168
169 170
170 171
171 172
172 173
173 174
174 175
175 176
176 177
180 181
181 182
182 183
184 185
184 186
186 187
187 188
188 189
190 191
190 522
191 192
191 522
192 193
193 540
194 195
194 533
194 762
194 938
195 196
195 532
195 846
195 938
196 197
196 198
196 601
197 198
197 601
198 199
199 200
200 201
201 202
203 204
204 205
205 206
206 207
207 208
208 209
209 210
210 211
212 213
213 214
214 215
215 216
217 218
218 219
219 220
220 221
220 330
220 331
220 410
221 259
222 223
223 224
224 225
225 226
226 227
227 228
228 229
229 230
231 232
231 233
233 234
234 235
235 236
236 237
237 238
238 239
240 241
241 242
242 243
243 244
244 245
245 246
246 247
248 249
249 250
250 251
250 696
251 252
252 253
252 697
252 855
253 254
254 255
254 854
254 855
255 256
255 360
255 697
257 373
257 463
261 262
262 263
263 264
264 265
265 266
266 267
267 268
269 1070
270 271
271 272
272 273
273 274
274 275
275 276
276 277
279 280
279 762
280 281
281 282
282 283
283 284
284 285
285 286
286 287
288 289
290 291
291 292
292 514
292 668
292 762
293 294
295 296
296 297
297 298
300 301
300 302
302 303
303 304
303 357
304 305
309 310
310 311
311 312
312 313
313 314
314 315
316 317
318 319
318 320
320 321
321 322
322 323
323 324
324 325
325 326
327 328
327 1101
327 1102
328 329
328 1101
329 330
329 1100
331 577
332 333
333 334
334 1098
334 1099
335 336
336 337
338 339
339 340
340 341
340 465
341 342
341 470
342 343
343 344
344 345
345 346
347 762
348 349
348 350
350 351
351 352
352 353
353 354
354 355
355 356
357 358
358 359
360 361
361 362
362 363
363 364
364 365
365 366
366 367
367 368
369 370
369 371
370 1068
371 762
372 638
372 762
373 374
375 376
376 377
377 378
378 379
379 380
380 381
382 383
383 384
384 385
384 837
384 838
385 386
386 387
387 388
388 389
389 390
392 393
392 394
394 395
395 396
396 397
397 398
398 399
399 400
400 588
401 402
401 403
403 404
404 405
405 406
406 407
407 408
408 409
409 762
410 411
411 412
413 414
414 415
416 913
417 418
419 420
419 421
421 422
422 423
423 424
424 425
425 426
426 427
426 918
428 429
430 431
431 432
432 433
433 434
434 435
435 436
436 437
437 438
439 440
440 441
441 442
442 443
442 788
442 1065
443 787
444 445
445 446
448 449
448 560
448 909
449 450
450 762
451 452
452 453
453 454
454 455
455 456
456 457
457 458
458 459
461 462
461 463
466 467
466 468
468 469
469 470
471 472
473 474
473 475
474 598
477 478
477 479
479 480
480 481
481 482
482 483
483 484
484 485
486 487
487 488
488 489
491 492
492 493
493 494
494 495
495 496
496 497
496 662
496 663
496 842
497 498
498 499
498 663
498 664
498 716
499 762
499 841
500 501
501 502
502 503
503 504
504 505
507 508
507 509
509 510
510 511
511 512
512 513
513 514
515 516
516 517
517 518
519 520
520 521
523 524
523 525
525 526
526 527
527 528
528 529
529 530
530 531
532 533
534 762
537 538
539 1024
539 1025
540 541
541 542
542 543
544 762
544 1066
545 546
545 762
546 640
546 700
546 1093
547 548
548 549
551 552
552 553
553 554
554 555
555 556
556 557
557 558
558 559
560 561
560 647
562 563
563 564
564 565
565 566
566 567
567 568
568 569
569 570
571 572
572 573
573 574
575 576
575 577
578 579
579 580
580 581
581 582
582 1125
582 1126
583 584
584 700
586 587
588 589
589 590
590 591
591 592
592 593
593 594
594 595
596 597
598 599
602 603
607 608
607 609
609 610
610 611
611 612
612 613
613 614
614 615
616 617
617 618
619 620
621 622
621 762
621 835
622 669
623 624
624 625
625 626
626 627
627 628
628 629
629 630
630 631
632 633
632 634
634 667
635 636
636 637
640 762
641 642
643 644
644 645
645 646
647 907
647 908
649 650
649 651
651 652
652 653
654 655
657 806
658 659
658 660
660 661
661 662
665 666
665 667
669 670
670 671
671 672
673 674
674 675
675 676
676 677
677 678
678 679
679 680
680 681
682 683
682 762
682 884
685 686
686 687
689 690
690 691
691 692
693 1150
693 1176
694 695
695 696
700 762
704 762
704 1136
705 706
708 709
712 713
713 714
717 718
720 721
722 723
723 724
724 725
725 726
725 739
725 740
725 760
725 770
725 771
726 727
726 758
726 772
727 728
728 729
729 730
730 731
732 733
732 734
732 766
733 767
734 735
735 736
736 737
737 738
738 739
738 748
738 763
740 741
742 743
742 744
742 768
744 745
745 746
746 747
747 748
749 750
751 752
751 753
753 754
754 755
755 756
756 757
757 758
759 760
761 762
762 784
762 790
762 791
762 793
762 794
762 799
762 801
762 814
762 823
762 834
762 836
762 846
762 847
762 853
762 856
762 870
762 893
762 902
762 915
762 918
762 919
762 932
762 937
762 945
762 954
762 963
762 980
762 981
762 996
762 998
762 1004
762 1013
762 1024
762 1026
762 1027
762 1029
762 1030
762 1048
762 1063
762 1071
762 1086
762 1087
762 1097
762 1105
762 1106
762 1112
762 1121
762 1122
762 1123
762 1128
762 1134
762 1135
762 1138
762 1139
762 1140
762 1141
763 764
764 765
765 766
772 773
773 774
774 775
776 777
777 778
778 779
779 780
780 781
781 782
782 783
783 784
785 786
786 787
786 1064
788 789
788 916
789 790
790 1039
791 824
791 903
791 1067
791 1069
793 845
793 916
794 795
795 796
796 797
797 798
798 1018
799 800
799 990
801 802
804 805
804 806
807 808
810 811
811 812
812 813
813 814
815 816
816 817
817 818
818 819
819 820
820 821
821 822
822 823
826 827
827 828
828 829
829 830
830 831
831 832
832 833
833 834
836 837
838 839
838 931
839 840
841 842
843 844
843 845
846 938
847 848
847 1129
848 849
849 850
849 1129
850 851
851 852
851 1130
853 854
856 1056
857 858
857 1095
858 859
859 860
860 861
862 863
863 864
864 865
865 866
866 867
867 868
868 869
870 871
871 872
872 873
873 874
874 875
875 876
876 877
877 878
879 880
880 881
881 882
882 883
883 884
883 1039
885 886
886 887
887 888
888 889
889 890
890 891
891 892
892 893
894 895
895 896
896 897
897 898
898 899
899 900
900 901
901 902
903 904
905 906
905 907
908 909
910 911
911 912
912 913
914 915
919 920
920 921
921 922
922 923
923 924
924 925
925 926
926 927
928 929
928 930
930 931
933 934
934 935
935 936
936 937
939 940
939 941
941 942
942 943
943 944
944 945
946 947
946 948
948 949
949 950
950 951
951 952
952 953
953 954
955 956
956 957
957 958
958 959
959 960
960 961
961 962
963 964
964 965
965 966
966 967
967 968
968 969
969 970
970 971
972 973
972 974
974 975
975 976
976 977
977 978
978 979
979 980
981 982
982 983
983 984
984 985
985 986
986 987
987 988
988 989
990 991
991 992
992 993
993 994
994 995
996 997
998 999
999 1000
1000 1001
1001 1002
1002 1003
1004 1005
1005 1006
1006 1007
1007 1008
1008 1009
1009 1010
1010 1011
1011 1012
1013 1014
1015 1016
1016 1017
1017 1018
1019 1020
1020 1021
1021 1022
1022 1023
1027 1028
1030 1031
1031 1032
1032 1033
1033 1034
1034 1035
1035 1036
1036 1037
1037 1038
1040 1041
1040 1042
1042 1043
1043 1044
1044 1045
1045 1046
1046 1047
1047 1048
1049 1050
1049 1051
1051 1052
1052 1053
1053 1054
1054 1055
1055 1056
1057 1058
1057 1059
1059 1060
1060 1061
1061 1062
1062 1063
1065 1066
1071 1072
1072 1073
1073 1074
1074 1075
1075 1076
1076 1077
1078 1079
1079 1080
1080 1081
1081 1082
1082 1083
1083 1084
1084 1085
1085 1086
1088 1089
1088 1090
1090 1091
1091 1092
1093 1094
1095 1096
1102 1103
1103 1104
1107 1108
1107 1109
1109 1110
1110 1111
1112 1113
1113 1114
1114 1115
1115 1116
1116 1117
1117 1118
1118 1119
1119 1120
1123 1124
1130 1131
1131 1132
1132 1133
1136 1137
1142 1143
1143 1144
1144 1145
1145 1146
1146 1147
1147 1148
1148 1149
1151 1152
1152 1153
1153 1154
1154 1155
1155 1156
1156 1157
1157 1158
1159 1160
1159 1161
1161 1162
1162 1163
1163 1164
1164 1165
1165 1166
1166 1167
1169 1170
1170 1171
1171 1172
1173 1174
1173 1175
1177 1178
1179 1180
1180 1181
1181 1182
1182 1183
1183 1184
1184 1185
1185 1186
1186 1187
1189 1190
1191 1192
1192 1193
1193 1194
1194 1195
1195 1196
1196 1197
1197 1198
1200 1201
1201 1202
1202 1203
1203 1204
1204 1205
1205 1206
1207 1208
1208 1209
1210 1211
