0 1
0 2
0 20
0 24
0 48
1 2
2 3
2 40
3 4
4 5
4 7
4 12
4 19
4 47
5 12
6 7
6 33
6 36
7 8
8 9
9 10
9 25
10 11
11 12
11 39
13 14
13 70
13 193
14 15
14 69
14 131
15 16
16 17
16 23
17 18
17 37
18 19
20 27
20 129
21 22
21 23
21 32
21 121
21 122
21 133
21 364
25 26
27 28
27 35
27 130
28 31
29 30
29 31
31 35
32 122
33 34
38 39
41 42
42 43
43 44
44 45
45 46
46 47
49 50
49 51
50 68
50 92
51 52
52 53
52 65
52 171
53 54
53 103
53 104
53 105
53 108
54 55
54 171
54 178
55 56
55 106
55 180
55 185
55 192
56 57
57 58
57 109
57 181
58 59
58 66
59 60
60 61
60 66
61 62
61 197
63 64
64 65
65 67
65 91
65 107
67 68
67 71
67 72
70 71
71 90
71 193
72 73
72 77
73 76
73 160
73 170
74 75
74 76
75 93
75 94
75 168
76 77
76 169
78 79
78 80
80 81
80 96
80 207
80 208
80 217
80 224
80 227
80 231
80 235
80 236
80 248
80 265
80 266
80 278
80 280
80 281
80 291
80 300
80 308
80 317
80 321
80 327
80 337
80 347
80 356
81 82
82 83
83 84
84 85
85 86
85 172
85 362
86 87
86 230
87 88
87 172
87 255
87 364
88 89
88 95
88 249
89 90
92 93
96 97
97 98
98 99
99 100
100 101
101 102
105 106
107 108
109 110
109 182
110 111
111 112
112 113
114 115
114 119
114 127
114 132
114 134
114 139
114 140
114 144
115 116
115 156
115 157
116 120
117 118
117 119
117 128
117 134
117 135
117 138
117 149
117 150
118 129
119 132
119 139
120 121
120 131
120 133
122 126
123 124
123 125
123 141
125 126
125 142
127 128
127 132
127 140
127 149
127 150
129 137
132 134
132 138
132 151
135 136
136 137
142 143
144 145
145 146
146 147
147 148
149 151
152 153
152 154
154 155
155 156
157 158
158 159
160 167
161 162
162 163
163 164
164 165
165 166
166 167
169 170
171 179
171 194
171 195
171 198
171 202
173 174
174 175
175 176
176 177
177 178
180 181
182 183
183 184
185 186
186 187
187 188
188 189
189 190
190 191
195 196
198 199
199 200
200 201
203 204
203 205
203 219
205 206
205 218
206 207
208 209
209 210
210 211
211 212
212 213
213 214
214 215
215 216
217 218
219 220
220 221
221 222
222 223
225 226
226 227
227 257
228 229
228 230
231 232
232 233
233 234
234 250
235 269
235 361
236 237
237 238
238 239
240 241
240 242
240 324
240 325
241 326
242 243
242 284
242 324
243 244
244 245
244 279
244 284
244 285
245 246
246 247
247 248
248 279
248 285
250 251
250 338
251 252
252 253
252 338
253 254
255 256
257 258
258 259
259 260
260 261
262 263
263 264
264 265
265 290
266 267
267 268
270 271
271 272
272 273
273 274
274 275
275 276
276 277
277 278
281 282
283 284
283 324
286 287
287 288
288 289
289 290
291 292
292 293
293 294
294 295
295 296
296 297
297 298
298 299
300 301
301 302
302 303
303 304
304 305
305 306
306 307
308 309
309 310
310 311
311 312
312 313
313 314
314 315
315 316
317 318
318 319
319 320
321 322
321 355
322 323
324 325
327 328
328 329
329 330
330 331
331 332
333 334
333 335
335 336
336 337
339 340
340 341
341 342
342 343
343 344
344 345
345 346
346 347
348 349
349 350
350 351
351 352
352 353
353 354
354 355
357 358
357 359
359 360
360 361
362 363
