0 1
0 2
1 21
2 3
3 4
4 5
4 6
4 7
4 27
4 192
5 6
5 7
6 7
6 22
6 31
6 33
6 45
6 70
6 96
6 137
6 214
6 241
6 282
6 283
7 8
7 20
7 30
7 32
8 9
8 18
9 10
10 11
10 12
10 17
10 35
11 12
12 13
13 14
13 15
14 15
15 16
15 28
15 67
15 261
16 19
16 268
17 18
20 45
23 24
23 25
25 26
26 27
28 29
30 31
30 45
31 70
31 222
31 223
32 45
32 80
33 45
33 130
33 157
33 158
33 175
34 35
36 37
37 38
37 128
38 39
39 40
39 128
39 196
40 41
41 42
41 196
42 43
43 44
43 62
44 45
45 46
45 56
45 62
45 63
45 65
45 69
45 70
45 79
45 80
45 115
45 125
45 138
45 147
45 158
45 160
45 168
45 193
45 195
45 204
45 208
45 215
45 223
45 233
45 249
45 251
45 252
45 259
45 263
45 269
45 270
45 275
45 276
46 47
46 250
46 277
46 284
46 285
47 48
47 56
47 95
47 118
47 119
47 120
47 224
47 233
48 49
48 94
48 95
48 105
49 50
49 51
49 57
49 64
49 68
49 88
49 106
49 109
49 120
49 127
49 154
49 174
49 186
49 224
49 230
49 262
50 51
51 52
51 64
51 199
52 53
53 54
53 197
54 55
55 121
56 105
57 58
58 59
58 106
59 60
59 107
60 61
62 63
63 69
63 80
63 160
63 241
65 66
66 67
66 68
66 129
66 194
66 261
67 279
68 94
68 232
68 258
68 262
69 97
70 71
71 72
72 73
73 74
74 75
75 76
76 77
77 78
79 203
80 81
81 82
82 83
83 84
84 85
85 86
86 87
88 89
89 90
90 91
91 92
92 93
94 224
95 120
95 126
95 224
97 98
98 99
99 100
100 101
101 102
102 103
103 104
107 108
109 110
109 127
110 111
111 112
112 113
113 114
113 159
115 116
116 117
117 118
122 123
122 124
122 149
123 148
124 125
125 169
130 131
131 132
132 133
133 134
134 135
135 136
135 152
136 213
138 139
138 260
139 140
140 141
141 142
142 143
143 144
144 145
145 146
147 148
147 274
149 150
150 151
151 152
152 153
152 212
155 156
156 157
160 161
161 162
162 163
163 164
164 165
165 166
166 167
167 231
168 169
169 170
170 171
171 172
172 173
172 256
175 176
176 177
177 178
178 179
179 180
180 181
182 183
183 184
184 185
185 186
187 188
187 189
189 190
190 191
191 192
193 194
197 198
200 201
201 202
202 203
203 267
204 205
205 206
206 207
207 242
208 209
209 210
210 211
211 212
216 217
216 218
218 219
219 220
220 221
221 222
225 226
226 227
227 228
228 229
229 230
234 235
234 236
236 237
237 238
238 239
239 240
240 241
242 243
243 244
244 245
245 246
247 248
248 249
253 254
253 255
255 256
257 258
259 260
263 264
265 266
266 267
271 272
272 273
273 274
277 278
279 280
280 281
283 284
