0 1
0 9
0 19
0 34
0 35
0 36
0 37
0 43
0 48
0 49
0 50
0 59
0 60
0 65
0 68
0 74
0 86
0 95
0 107
0 110
0 119
0 127
0 131
0 149
0 155
0 169
0 171
0 176
0 178
0 192
0 194
0 206
0 214
0 216
0 218
0 228
0 231
0 239
0 252
0 253
0 269
0 279
0 283
0 284
0 285
0 290
1 2
2 3
2 20
2 38
2 44
2 49
2 91
2 165
2 195
2 234
3 4
3 156
4 5
4 266
5 6
5 94
5 298
6 10
6 21
6 33
6 39
6 45
6 51
6 64
6 83
6 92
6 93
6 96
6 106
6 126
6 132
6 133
6 152
6 157
6 158
6 166
6 170
6 172
6 175
6 183
6 207
6 219
6 232
6 240
6 244
6 254
6 270
6 282
6 291
6 294
6 295
6 297
7 8
7 122
8 9
8 215
8 216
9 122
10 11
11 12
12 13
12 123
13 14
14 15
14 123
14 124
15 16
16 17
16 124
17 18
19 20
21 22
22 23
23 24
24 25
26 27
27 28
27 72
27 73
28 29
29 30
29 73
30 31
31 32
32 33
37 38
39 40
40 41
41 42
41 61
41 62
43 44
44 50
46 47
47 48
49 182
51 52
52 53
53 54
54 55
55 56
57 58
58 59
62 63
63 64
65 66
66 67
68 69
69 70
71 72
75 76
75 77
77 78
78 79
78 242
79 80
80 81
80 242
81 82
82 83
82 92
83 251
84 85
85 86
87 88
88 89
89 90
90 91
92 148
96 97
97 98
98 99
99 100
100 101
101 102
103 104
104 105
105 106
106 118
106 203
108 109
108 110
108 239
108 283
109 130
111 112
112 113
113 114
114 115
115 116
116 117
117 118
119 120
120 121
125 126
127 128
128 129
130 131
133 134
134 135
135 136
136 137
137 138
138 139
139 140
140 141
142 143
143 144
144 145
145 146
146 147
147 148
149 150
150 151
153 154
154 155
156 157
158 159
158 160
161 162
161 163
163 164
164 165
167 168
167 169
172 173
173 174
176 177
178 179
179 180
181 182
183 184
184 185
185 186
186 187
187 188
188 189
189 190
190 191
192 193
194 195
196 197
197 198
198 199
199 200
200 201
201 202
202 203
204 205
205 206
207 208
208 209
209 210
210 211
212 213
213 214
217 218
219 220
220 221
221 222
222 223
223 224
224 225
225 226
226 227
229 230
230 231
232 233
234 235
235 236
236 237
237 238
240 241
243 244
245 246
245 247
247 248
248 249
249 250
250 251
254 255
255 256
256 257
257 258
258 259
259 260
260 261
262 263
262 264
264 265
265 266
267 268
268 269
270 271
271 272
272 273
273 274
274 275
275 276
276 277
277 278
279 280
281 282
285 286
286 287
288 289
289 290
291 292
292 293
295 296
