0 1
0 2
0 58
1 18
1 44
2 3
2 10
2 22
2 34
2 59
2 63
2 67
3 4
4 5
4 63
5 6
6 7
7 8
7 40
8 9
8 40
9 30
10 11
11 12
12 13
13 14
14 15
14 32
15 16
16 17
16 31
18 21
18 35
19 20
20 21
21 33
22 23
23 24
24 25
25 26
25 51
26 27
27 28
27 51
28 29
31 32
33 52
35 36
35 37
35 39
35 42
35 43
35 45
35 52
35 53
35 60
35 62
35 72
35 76
36 64
37 38
37 46
37 50
37 71
38 49
41 42
41 46
41 50
41 60
42 45
44 52
44 72
47 48
47 59
48 66
49 70
49 71
53 54
54 55
56 57
56 58
57 73
58 82
61 81
61 82
64 65
68 69
68 70
74 75
74 76
77 78
77 79
79 80
80 81
