0 1
0 56
1 2
2 3
2 56
2 57
3 4
4 5
4 57
5 11
5 71
6 7
6 23
7 8
8 9
9 10
10 11
11 12
12 13
12 24
12 71
13 14
14 24
14 25
15 16
15 25
16 17
17 18
18 19
19 20
20 21
21 22
22 36
24 66
25 26
25 35
25 37
25 38
25 55
25 67
25 72
25 73
25 80
26 27
28 29
28 30
29 70
30 31
31 32
32 33
33 34
34 35
37 65
38 39
39 40
40 41
41 42
42 43
43 44
44 45
45 46
47 48
47 49
49 50
50 51
51 52
52 53
53 54
54 55
58 59
59 60
60 61
61 62
62 63
63 64
64 65
67 68
68 69
72 88
73 74
74 75
75 76
76 77
77 78
78 79
81 82
81 83
83 84
84 85
85 86
86 87
87 88
