0 1
0 2
2 3
3 4
4 5
5 6
6 7
6 107
6 108
7 8
8 9
8 10
8 11
8 20
8 38
8 51
8 63
8 65
8 67
8 71
8 72
8 81
8 82
8 83
8 84
8 87
10 21
10 49
10 73
10 88
11 12
12 13
12 20
12 38
12 50
12 62
12 66
12 68
12 71
12 74
12 80
12 82
12 96
12 97
13 14
13 23
14 15
14 66
15 16
16 17
17 18
18 19
20 55
20 88
21 22
21 24
21 67
22 39
22 48
22 49
22 54
22 57
22 106
24 25
25 26
26 27
27 28
27 58
27 104
28 29
29 30
31 32
31 33
33 34
34 35
35 36
36 37
37 38
39 40
40 41
40 52
40 106
41 42
41 57
41 105
42 58
43 44
44 45
45 46
46 47
47 48
49 65
49 119
52 53
53 54
55 56
59 60
59 61
61 62
63 64
63 88
63 122
63 126
64 89
64 109
64 123
65 88
68 69
69 70
71 86
72 73
75 76
75 77
77 78
78 79
79 80
82 88
84 85
85 87
88 96
88 108
88 118
88 119
88 120
89 90
90 91
91 92
92 93
93 94
94 95
97 98
98 99
99 100
100 101
101 102
102 103
104 105
110 111
111 112
112 113
113 114
114 115
115 116
116 117
117 118
121 122
121 126
121 127
123 125
124 125
