0 1
0 2
1 2
1 361
2 3
2 4
2 361
3 4
4 360
4 392
4 401
5 1086
5 1089
5 1218
6 7
6 14
6 15
6 24
6 25
6 28
6 32
6 34
6 35
6 36
6 38
7 8
8 9
8 14
8 28
9 10
10 11
11 12
12 13
12 27
14 17
14 29
14 1086
15 16
17 18
17 1222
18 19
19 20
20 21
21 22
21 26
23 24
29 30
30 31
33 283
35 41
35 110
35 362
35 406
35 410
37 835
39 321
40 321
40 322
41 42
41 305
41 362
41 363
42 43
43 44
43 69
44 45
44 417
45 46
45 389
45 408
46 47
46 362
46 382
47 48
48 49
49 367
50 51
50 887
52 53
52 590
52 883
52 890
52 945
52 994
52 999
52 1003
52 1004
53 589
53 995
53 1003
53 1016
53 1017
54 55
55 56
55 475
56 57
56 65
56 384
57 58
58 59
58 384
58 474
58 483
59 60
59 61
59 66
59 122
59 126
59 424
59 481
59 495
59 497
59 630
59 640
60 472
61 62
62 67
63 64
63 769
64 115
68 361
68 362
68 372
68 385
68 839
69 274
69 275
69 283
69 296
69 301
69 309
70 71
71 72
72 73
72 74
72 82
73 81
74 75
75 76
76 77
77 78
78 79
79 80
82 296
82 297
83 84
83 100
84 85
84 88
84 99
84 109
85 86
85 89
85 121
86 87
86 89
86 90
86 94
86 117
86 127
86 137
86 175
86 177
86 181
86 182
86 188
86 191
86 192
86 193
86 202
86 206
86 207
86 226
86 227
86 228
86 229
86 232
86 237
86 238
86 239
86 242
86 257
86 262
88 107
88 191
89 90
89 91
91 92
91 93
94 95
94 129
95 96
96 97
97 98
98 130
99 100
100 101
101 102
102 103
102 114
103 104
103 114
104 105
105 106
107 108
107 128
107 179
107 189
107 203
107 204
107 223
107 235
108 109
109 183
110 174
110 372
110 376
110 378
110 381
110 431
110 432
110 592
110 839
110 840
110 1084
110 1085
110 1123
111 177
111 260
112 113
113 128
113 134
113 205
115 116
115 191
115 246
115 247
115 477
115 715
115 716
115 717
115 718
115 721
115 730
115 731
115 738
115 745
115 750
115 761
115 771
115 779
115 785
115 787
115 791
116 184
116 185
116 722
116 744
116 1217
117 222
117 243
118 119
119 120
119 643
119 656
119 658
119 662
119 663
119 672
119 689
119 690
119 703
119 706
119 707
120 121
120 642
120 647
120 659
120 673
120 704
120 705
120 1201
120 1205
122 123
122 126
122 474
122 542
122 718
123 124
123 961
123 973
124 125
124 888
125 126
125 888
125 961
126 722
126 883
128 204
129 191
130 131
130 477
131 132
132 133
132 261
133 783
135 136
135 570
135 1012
136 571
136 953
138 139
139 140
140 141
140 167
141 142
141 157
141 163
141 170
141 172
142 143
143 144
144 145
144 158
144 162
144 169
144 171
145 146
145 168
146 147
147 148
147 168
147 174
148 149
148 159
149 150
150 151
150 152
150 159
150 161
150 164
150 165
151 152
151 164
151 165
152 153
152 161
152 165
152 173
153 154
153 164
154 155
155 156
156 160
157 158
162 163
166 167
169 170
171 172
174 563
175 176
175 231
177 178
177 187
177 192
179 180
179 230
180 181
181 189
182 189
182 190
182 230
184 185
184 186
184 477
185 477
186 191
186 228
186 264
191 264
192 228
193 194
194 195
195 196
196 197
197 198
198 199
199 200
200 201
203 207
208 209
208 210
209 591
210 211
211 212
212 213
213 214
215 216
215 217
217 218
218 219
219 220
220 221
221 222
223 224
224 234
224 266
224 770
224 775
224 789
224 790
224 1160
224 1177
224 1179
225 226
225 234
232 233
235 236
236 237
239 240
240 241
241 244
244 245
246 247
246 750
247 248
247 738
247 742
248 249
249 250
249 742
250 251
251 252
251 743
252 253
253 254
253 743
254 726
255 256
256 257
258 259
258 263
258 1231
260 494
260 663
260 1151
260 1158
260 1159
262 263
265 473
267 268
268 269
268 308
269 270
269 284
270 271
270 302
271 272
271 290
272 273
272 300
272 307
273 274
273 301
275 276
276 277
276 287
276 310
277 278
278 279
278 289
279 280
280 281
281 282
282 292
283 288
284 285
284 291
284 304
285 286
287 288
289 293
290 291
292 295
293 294
294 295
298 299
299 300
302 303
303 304
303 332
303 817
303 836
303 1109
303 1131
305 306
306 307
309 311
310 311
312 313
312 314
312 809
313 807
314 315
315 316
316 317
316 1018
317 318
317 810
318 319
318 320
318 808
319 320
320 321
320 330
320 808
320 810
320 1196
320 1209
320 1210
320 1216
320 1219
320 1235
321 407
321 794
321 795
321 796
321 811
321 812
321 818
321 819
321 820
321 837
321 838
322 323
322 330
322 1019
322 1210
322 1234
323 324
324 325
325 326
326 327
327 328
328 329
329 331
330 1019
332 333
332 340
332 349
332 357
332 991
332 1128
332 1129
333 334
334 335
334 339
334 991
335 336
336 337
336 354
336 355
336 992
336 1127
336 1215
337 338
339 350
340 341
341 342
342 343
343 344
344 345
345 346
346 347
347 348
349 1130
350 351
351 352
352 353
353 1126
355 356
358 359
358 416
359 360
359 401
361 391
361 393
362 363
362 366
362 371
362 373
362 374
362 375
362 377
362 379
362 382
362 388
362 395
362 396
362 402
362 409
362 428
362 430
362 434
362 440
364 365
364 366
365 371
365 373
365 380
366 379
366 380
367 368
368 369
369 370
370 383
371 372
371 373
371 404
372 592
374 375
374 409
375 376
376 409
376 433
376 438
376 448
377 378
377 403
377 417
378 381
378 406
378 426
378 441
381 390
381 400
381 406
383 1197
385 386
386 387
386 399
387 388
387 399
389 390
389 400
391 392
394 395
396 397
397 398
404 405
408 409
410 425
411 412
412 413
413 414
414 415
415 416
418 419
418 479
419 420
420 421
420 476
421 423
422 423
422 476
423 424
423 476
426 427
429 430
429 436
431 432
432 607
432 1125
434 435
434 1059
437 440
438 439
439 447
439 458
442 443
442 444
443 833
444 445
444 819
444 837
446 447
446 457
446 844
446 874
446 881
447 457
447 461
447 844
447 851
447 857
448 449
449 450
450 451
451 452
451 453
451 461
453 459
453 469
454 455
454 855
454 871
454 872
455 456
456 457
456 874
459 460
461 462
461 777
461 843
461 856
461 857
461 869
462 463
462 842
462 852
463 471
463 849
463 856
464 465
464 471
464 841
465 466
465 848
466 467
466 468
466 841
467 468
468 470
469 1114
469 1115
469 1117
469 1118
469 1119
470 873
472 473
474 490
477 620
477 715
477 723
477 729
477 737
477 751
478 542
478 722
479 480
482 1221
484 485
484 486
486 487
487 488
488 489
489 491
490 491
492 493
492 494
492 1151
492 1158
495 496
498 499
498 500
498 501
498 502
498 511
498 524
498 529
498 532
498 535
498 537
498 538
498 546
498 548
498 556
498 557
500 504
500 509
501 523
502 503
502 542
504 509
504 529
505 506
506 507
506 509
507 508
508 509
508 510
509 510
509 520
509 522
509 529
509 539
509 547
511 512
512 513
513 514
514 515
515 516
516 517
517 518
518 519
520 521
523 536
524 525
525 526
526 527
527 528
530 531
531 532
533 534
534 535
536 540
540 541
540 778
542 543
542 718
542 722
542 767
542 784
542 792
542 962
543 544
544 545
549 550
550 551
551 552
552 553
553 554
554 555
555 556
558 559
558 1169
558 1173
559 560
560 561
561 562
562 563
562 1199
562 1200
563 1168
564 565
564 957
565 566
566 567
567 568
568 569
570 888
570 889
570 930
570 931
570 1011
570 1028
571 1150
572 573
572 998
573 574
574 575
575 576
576 577
577 578
578 579
580 581
580 998
581 582
582 994
583 584
584 585
585 586
586 587
587 588
588 589
590 882
590 890
590 921
590 940
590 941
591 1068
592 593
592 616
593 594
594 595
595 596
596 597
597 598
599 600
600 601
601 602
602 603
603 604
604 605
604 1184
605 606
607 608
608 609
609 610
610 611
610 614
611 612
612 613
614 615
617 618
618 619
619 620
620 621
620 627
621 622
622 629
623 624
624 625
625 626
626 627
628 629
630 631
631 632
632 633
632 640
633 634
634 635
635 636
636 637
637 638
638 639
641 642
643 644
644 645
645 646
647 648
649 650
649 651
650 1020
651 652
652 653
653 654
654 655
657 658
659 660
661 662
661 1155
661 1156
661 1187
663 697
663 1076
663 1189
664 665
664 666
666 667
667 668
668 669
669 670
670 671
671 672
673 674
674 675
675 676
676 677
677 678
678 679
679 680
681 682
681 683
683 684
684 685
685 686
686 687
687 688
688 689
691 692
692 693
693 694
694 695
694 1153
695 1154
696 697
696 1154
696 1189
698 699
698 1025
700 701
700 702
702 703
708 709
708 710
710 711
711 712
712 713
713 714
714 715
716 763
716 764
719 720
719 721
723 724
724 725
727 728
728 729
730 736
731 768
732 733
732 752
733 734
734 735
735 736
739 740
739 772
739 1138
739 1142
739 1228
740 741
740 1143
741 774
745 746
746 747
747 748
748 749
753 754
753 990
754 755
755 756
755 758
756 757
756 965
757 758
757 1226
758 759
759 760
760 1214
761 762
762 769
763 764
764 765
765 766
766 767
766 788
767 768
767 784
769 770
769 775
769 789
770 1178
770 1180
772 773
772 1139
773 791
774 1141
774 1143
774 1144
775 776
775 789
776 777
777 778
777 1213
778 867
780 781
780 782
782 783
785 786
788 792
788 962
793 794
795 796
796 797
796 811
796 815
796 816
796 817
796 836
796 1195
797 798
797 815
797 822
797 1102
797 1103
798 799
799 800
800 801
801 802
802 803
803 804
804 805
805 806
809 1211
810 1018
811 814
811 828
811 1105
812 821
813 814
818 836
820 821
822 823
822 1106
822 1110
823 824
824 825
825 826
826 827
828 829
829 830
830 831
831 832
832 834
834 835
838 1086
838 1092
838 1097
838 1218
844 845
845 846
845 881
846 847
846 1212
848 849
850 851
850 859
852 860
853 854
853 855
858 859
860 861
861 862
862 863
863 864
864 865
865 866
868 869
868 1221
869 870
872 880
875 876
875 995
876 877
877 878
878 879
879 996
882 884
883 889
883 890
883 891
883 892
883 903
883 905
883 907
883 908
883 912
883 931
883 932
883 933
883 935
883 940
883 951
883 952
883 955
884 885
884 890
884 906
884 921
884 929
885 922
885 1010
886 906
886 924
886 929
887 923
888 891
888 930
888 934
888 948
888 952
888 954
888 959
888 1012
888 1021
888 1034
892 893
893 894
894 895
895 896
896 897
897 898
898 899
899 900
901 902
901 947
902 903
904 905
904 911
909 910
909 911
912 913
913 914
914 915
915 916
916 917
917 918
918 919
919 920
922 923
924 925
925 926
926 927
927 928
927 956
930 951
930 1012
934 951
934 1029
936 937
937 938
938 939
938 943
938 944
939 940
941 942
942 943
945 946
948 949
949 950
950 957
950 1057
951 952
951 954
951 958
951 960
951 1012
951 1013
951 1021
951 1022
951 1043
951 1044
951 1045
951 1054
951 1055
951 1056
953 1023
957 1011
961 974
963 964
963 1225
965 966
965 967
965 968
965 973
965 975
965 976
965 978
965 987
965 988
966 974
967 972
968 969
969 970
970 971
971 972
972 975
976 977
978 979
979 980
980 981
981 982
982 983
983 984
984 985
985 986
988 989
992 993
996 997
999 1000
1000 1001
1001 1002
1004 1009
1005 1006
1005 1007
1007 1008
1008 1009
1011 1012
1012 1013
1012 1022
1014 1015
1015 1016
1020 1021
1023 1024
1024 1025
1026 1027
1027 1028
1029 1030
1030 1031
1031 1032
1033 1147
1033 1150
1034 1035
1035 1036
1036 1037
1037 1038
1038 1039
1039 1040
1040 1041
1041 1042
1045 1046
1046 1047
1047 1048
1048 1049
1049 1050
1050 1051
1051 1052
1052 1053
1058 1120
1059 1060
1061 1062
1061 1065
1061 1070
1061 1071
1061 1078
1062 1063
1062 1069
1063 1066
1064 1065
1066 1067
1068 1069
1069 1070
1071 1072
1072 1073
1073 1074
1074 1075
1075 1076
1075 1155
1075 1181
1075 1184
1075 1187
1075 1188
1076 1077
1076 1185
1076 1193
1079 1080
1080 1081
1081 1082
1082 1083
1083 1084
1085 1124
1086 1090
1086 1096
1087 1088
1088 1089
1090 1091
1090 1218
1091 1092
1092 1093
1093 1094
1093 1097
1093 1101
1094 1095
1094 1098
1099 1100
1099 1101
1103 1104
1104 1105
1107 1108
1108 1109
1110 1111
1111 1112
1113 1119
1115 1116
1120 1121
1121 1122
1122 1123
1131 1132
1132 1133
1133 1134
1134 1135
1135 1136
1136 1137
1138 1139
1139 1140
1139 1142
1140 1141
1144 1145
1145 1146
1147 1148
1148 1149
1152 1153
1156 1157
1159 1214
1161 1162
1162 1163
1163 1164
1164 1165
1165 1166
1166 1167
1167 1168
1168 1199
1169 1170
1170 1171
1171 1172
1173 1174
1174 1175
1175 1176
1181 1182
1182 1183
1185 1186
1190 1191
1190 1192
1191 1194
1192 1193
1197 1198
1201 1206
1202 1203
1203 1204
1204 1205
1206 1207
1207 1208
1212 1213
1219 1220
1222 1223
1223 1224
1225 1226
1227 1228
1227 1229
1229 1233
1230 1233
1231 1232
