0 1
0 7
1 2
1 7
1 17
1 72
1 152
1 158
1 181
2 3
3 4
4 16
4 22
4 31
4 32
4 38
4 57
4 58
4 64
4 81
4 82
4 84
4 114
4 141
4 148
4 152
4 185
4 210
4 222
4 244
4 245
4 246
4 248
5 6
5 7
5 73
5 177
6 21
8 9
8 10
8 136
10 11
11 12
12 13
13 14
14 15
15 16
15 38
16 47
16 101
16 111
16 115
16 118
16 123
17 18
17 29
18 19
19 20
19 127
20 21
20 48
20 75
20 83
20 93
20 94
20 95
20 110
20 113
20 116
20 124
20 135
20 143
20 153
20 164
20 167
20 203
20 212
20 220
20 233
21 108
21 119
21 127
21 154
21 235
22 28
23 24
23 25
25 26
26 27
26 37
26 63
26 96
26 176
27 28
28 106
29 30
30 31
32 232
33 34
33 35
35 36
36 37
37 87
38 39
38 140
40 41
41 42
42 43
43 44
44 45
45 46
45 71
45 76
45 92
45 146
45 159
45 168
45 190
45 219
45 236
46 47
49 50
49 51
50 120
51 52
52 53
52 121
53 54
54 55
55 56
55 121
56 57
58 134
58 142
58 144
58 195
58 201
58 209
58 214
58 221
58 239
59 60
59 61
61 62
62 63
64 65
64 181
65 66
66 67
67 200
68 69
69 70
70 71
72 73
74 75
76 77
77 78
77 236
78 79
78 237
79 80
81 180
84 85
84 224
85 86
85 134
85 140
85 213
86 87
87 96
87 122
87 182
87 234
87 240
88 89
88 90
90 91
91 92
92 241
93 243
96 97
97 98
98 99
99 100
101 102
102 103
102 165
103 104
104 105
106 107
109 110
111 112
114 115
117 118
118 165
125 126
126 127
128 129
129 130
130 131
131 132
132 133
133 134
136 137
136 211
137 138
138 139
139 140
144 145
146 147
148 149
149 150
150 151
155 156
156 157
157 158
159 160
160 161
161 162
162 163
166 167
168 169
169 170
170 171
171 172
173 174
173 175
175 176
177 178
178 179
182 183
183 184
185 186
186 187
187 188
188 189
190 191
191 192
192 193
193 194
196 197
197 198
198 199
199 200
201 202
204 205
204 206
206 207
207 208
208 209
214 215
215 216
216 217
217 218
222 223
224 225
225 226
226 227
228 229
228 230
230 231
231 232
237 238
241 242
246 247
248 249
