0 1
0 30
1 2
2 3
3 4
4 5
5 6
5 18
6 7
7 8
7 18
7 38
8 9
8 25
8 29
8 32
9 10
9 269
9 270
9 328
9 329
10 11
10 26
10 27
10 254
11 19
12 95
12 136
13 14
13 247
14 15
15 16
17 171
19 20
19 27
19 266
19 300
20 21
20 37
21 22
21 28
22 23
23 24
23 28
25 26
25 29
25 33
25 46
25 47
25 83
25 243
25 244
25 307
25 308
25 337
25 338
26 34
26 41
26 265
31 32
32 42
32 58
32 89
32 142
32 150
32 215
32 264
32 270
32 271
32 280
32 281
32 293
32 295
32 301
32 302
32 323
32 338
32 339
33 46
34 35
36 46
36 248
38 39
39 40
39 221
40 140
42 43
43 44
43 139
43 147
43 148
43 152
43 224
43 225
44 99
45 98
45 99
45 218
47 156
47 279
48 49
48 214
49 63
50 51
50 63
50 82
50 249
50 261
51 52
52 53
52 194
53 54
53 203
53 227
54 55
54 66
54 194
55 56
56 57
58 107
58 108
58 129
58 149
58 216
58 222
58 296
59 60
59 67
59 85
60 61
61 62
62 67
62 75
63 193
63 244
63 304
63 337
64 65
64 227
64 228
66 203
66 204
68 69
68 284
68 322
69 70
70 71
70 188
70 286
71 72
72 286
73 74
73 77
73 78
74 75
74 76
76 77
79 80
79 181
80 81
80 180
80 185
82 83
82 165
82 173
82 178
82 184
82 193
82 198
82 244
83 104
84 87
84 89
84 90
84 100
84 192
84 193
84 215
84 264
84 280
84 294
84 295
84 322
84 339
85 193
85 215
86 256
87 88
88 224
88 226
90 91
91 92
91 192
91 267
91 294
92 93
92 101
92 267
92 287
92 297
93 94
94 95
95 97
95 102
95 119
95 141
96 97
96 98
96 219
97 128
97 175
100 101
100 215
102 103
104 105
104 106
104 115
104 116
104 137
104 156
104 193
104 215
104 295
104 301
105 106
106 107
106 126
107 125
108 109
109 110
110 111
110 296
111 112
111 299
112 113
113 114
115 116
115 137
116 117
117 118
118 119
118 137
120 121
121 122
122 123
123 124
124 125
127 128
128 141
128 174
129 130
129 221
130 131
131 132
132 133
133 134
134 135
138 139
138 140
142 225
143 150
143 280
143 290
144 145
144 151
144 220
146 147
146 282
150 151
152 153
153 283
154 155
154 164
154 165
154 245
155 189
156 157
156 166
157 158
157 166
157 177
157 208
157 255
158 167
158 199
158 239
158 240
158 248
158 256
158 263
159 160
159 161
161 162
162 163
163 164
166 240
166 241
166 257
167 168
168 169
169 170
171 172
172 173
173 180
176 177
177 256
178 179
182 183
182 185
186 187
186 193
188 285
189 244
190 191
191 206
195 196
195 197
196 207
197 198
199 200
200 201
201 202
204 205
206 207
208 256
209 210
210 211
211 212
212 213
213 214
216 217
217 218
223 226
225 299
228 229
229 230
230 231
231 232
232 237
233 234
234 235
235 236
236 237
238 239
241 242
242 243
242 257
245 246
246 247
248 262
249 250
250 251
251 252
252 253
253 260
254 255
254 306
255 263
256 258
259 260
265 266
268 269
271 272
272 273
273 274
274 275
275 276
276 277
277 278
281 282
284 285
287 288
288 289
291 292
291 293
297 298
303 304
303 305
305 306
308 309
309 310
310 311
311 312
312 313
313 314
314 315
314 341
315 316
316 317
317 318
318 319
319 320
320 321
323 324
324 325
325 326
326 327
329 330
330 331
331 332
332 333
333 334
334 335
335 336
340 341
