0 1
0 10
0 18
0 40
0 42
0 46
0 51
0 54
0 55
0 92
1 2
2 3
2 92
3 4
4 5
5 6
6 7
6 9
6 45
7 8
7 26
7 28
7 49
7 50
8 39
8 43
8 47
9 37
10 11
11 12
11 41
12 13
12 29
13 14
14 15
15 16
16 17
17 36
18 19
18 34
19 20
20 21
20 34
21 22
22 23
23 24
24 25
26 27
26 28
29 30
30 31
31 32
32 33
35 36
35 64
36 37
36 63
36 77
36 83
38 39
43 44
43 49
43 50
47 48
51 52
52 53
56 57
56 58
56 59
56 70
56 71
58 59
59 60
59 74
59 78
60 61
60 91
61 62
62 63
64 65
64 66
64 83
65 66
66 67
66 82
67 68
67 73
67 84
68 69
70 72
74 87
75 76
76 77
78 79
79 80
80 81
84 90
85 86
85 87
86 88
88 89
