0 1
0 2
0 58
1 37
1 38
2 3
2 36
2 37
2 40
2 44
2 58
2 65
3 4
3 54
3 62
4 5
4 40
4 44
4 57
5 35
5 36
5 54
6 7
6 35
6 64
6 77
6 84
7 8
7 76
8 9
9 10
9 34
9 76
9 117
10 11
10 33
10 34
10 41
11 12
11 117
11 118
11 119
11 120
12 13
12 33
12 41
12 83
13 14
13 32
13 56
13 78
13 86
14 17
14 45
14 46
14 51
14 53
14 83
15 16
16 17
17 18
17 48
17 49
17 50
17 52
17 55
17 56
17 61
17 66
17 67
17 74
17 78
17 80
17 86
18 19
18 42
18 55
18 66
18 73
18 74
19 20
19 73
20 21
20 31
20 42
21 22
22 23
22 30
22 31
23 24
23 72
23 75
24 25
24 30
25 26
26 27
26 39
27 28
27 43
28 29
28 39
29 43
31 75
32 33
33 117
34 117
35 57
37 58
39 43
40 54
44 62
45 46
46 47
46 79
46 80
47 48
48 81
48 109
49 50
50 51
50 53
51 52
51 59
51 78
51 86
52 53
53 78
57 62
57 64
57 84
59 60
60 61
63 65
68 69
68 85
69 70
70 71
71 72
76 77
78 79
81 82
81 109
82 100
82 114
87 88
88 89
89 90
90 91
91 92
91 111
92 93
93 94
93 111
94 95
95 96
96 97
97 98
98 99
98 100
98 107
98 110
98 112
98 113
98 115
98 116
99 100
100 101
100 107
100 110
100 112
100 113
100 115
101 102
102 103
103 104
103 114
104 105
104 109
105 106
106 108
117 118
