0 1
0 10
0 18
0 38
0 41
0 43
0 47
0 52
0 55
0 56
0 100
1 2
2 3
2 100
3 4
4 5
5 6
6 7
6 9
6 46
7 8
7 26
7 28
7 50
7 51
8 40
8 44
8 48
9 37
10 11
11 12
11 42
12 13
12 29
13 14
14 15
15 16
16 17
17 36
18 19
18 34
19 20
20 21
20 34
21 22
22 23
23 24
24 25
26 27
26 28
29 30
30 31
31 32
32 33
35 36
35 65
36 37
36 64
36 82
36 88
39 40
42 43
44 45
44 50
44 51
48 49
52 53
53 54
57 58
57 59
57 60
57 71
57 72
59 60
59 84
60 61
60 75
60 77
60 83
60 90
61 62
61 99
62 63
63 64
63 89
65 66
65 67
65 88
65 97
66 67
67 68
67 87
68 69
68 74
68 91
69 70
69 87
71 73
72 73
75 76
77 94
78 79
79 80
80 81
81 82
83 84
84 85
85 86
91 98
92 93
92 94
93 95
95 96
