0 1
0 2
1 40
1 64
1 66
2 3
3 4
3 21
3 41
4 5
4 21
5 6
5 41
6 7
7 8
8 9
8 20
8 55
8 58
8 72
8 73
10 11
11 22
11 55
11 58
12 13
12 14
14 15
15 16
16 17
17 18
18 19
19 20
21 41
22 53
23 60
23 61
24 25
24 26
24 88
24 92
25 44
25 83
25 88
25 90
26 27
26 90
27 28
27 92
28 29
29 30
30 31
31 32
31 91
32 33
33 34
33 91
34 35
34 36
34 85
35 36
36 37
36 85
37 38
37 43
38 39
38 49
39 40
40 42
40 49
42 43
43 49
44 45
44 46
44 52
44 54
44 83
45 46
45 54
46 47
46 50
46 52
46 56
47 48
47 54
47 57
48 56
51 61
52 54
53 59
54 56
54 89
56 57
57 80
59 60
62 63
62 64
64 65
64 87
65 66
66 67
66 93
67 68
68 69
68 93
69 70
70 71
70 82
70 84
71 72
72 82
72 84
72 86
73 74
73 81
73 86
73 96
74 75
74 94
76 77
76 94
77 78
78 79
78 95
94 96
