0 1
0 40
1 2
2 3
3 4
4 5
5 6
5 24
6 7
7 8
7 24
7 46
8 9
8 26
8 27
8 57
9 10
9 268
9 270
9 335
9 336
10 11
10 28
10 39
10 247
11 18
12 13
12 257
13 14
14 15
16 99
16 126
17 154
18 19
18 39
18 265
18 300
19 20
19 45
20 21
20 25
21 22
22 23
22 25
26 27
27 28
27 58
27 62
27 63
27 86
27 239
27 250
27 307
27 321
27 337
27 338
28 29
28 55
28 264
29 30
31 32
31 49
31 85
31 240
31 259
32 33
33 34
33 205
34 35
34 202
34 237
35 36
35 64
35 205
36 37
37 38
41 42
41 73
41 79
42 43
43 44
44 67
44 73
46 47
47 48
47 224
48 149
49 60
49 193
49 239
49 303
49 337
50 57
50 110
50 111
50 131
50 146
50 216
50 222
50 295
51 52
51 57
52 53
52 141
52 148
52 150
52 152
52 220
52 223
53 92
54 91
54 92
54 218
56 57
57 93
57 138
57 151
57 215
57 266
57 270
57 271
57 280
57 282
57 291
57 296
57 301
57 302
57 323
57 338
57 339
58 62
59 62
59 238
60 61
61 214
63 161
63 279
64 202
64 203
65 66
66 236
66 237
67 68
68 69
68 71
69 70
70 71
71 72
74 75
74 283
74 322
75 76
76 77
76 183
76 285
77 78
78 285
79 193
79 215
80 81
80 87
81 223
81 226
82 83
82 185
83 84
83 179
83 180
85 86
85 156
85 162
85 169
85 189
85 193
85 197
85 239
86 114
87 93
87 94
87 102
87 190
87 193
87 215
87 266
87 280
87 296
87 297
87 322
87 339
88 245
89 90
89 91
89 219
90 99
90 128
90 181
94 95
94 215
95 96
96 97
96 103
96 267
96 286
96 298
97 98
98 99
99 100
99 119
99 145
100 101
102 103
103 190
103 267
103 297
104 105
104 106
106 107
107 108
107 294
108 109
108 295
109 110
111 112
111 120
112 113
112 114
112 130
113 114
114 115
114 116
114 129
114 161
114 193
114 215
114 296
114 301
115 116
115 129
116 117
117 118
118 119
118 129
120 121
121 122
122 123
123 124
124 125
127 128
128 145
128 184
131 132
131 224
132 133
133 134
134 135
135 136
136 137
138 139
138 142
139 143
140 141
140 281
142 280
142 290
143 144
143 221
147 148
147 149
151 220
152 153
153 287
154 155
155 156
156 180
157 158
158 159
158 245
159 160
159 161
159 168
159 208
159 246
160 161
160 252
160 253
160 256
162 163
164 165
165 166
166 167
167 168
168 198
168 238
168 245
168 253
168 254
168 263
169 170
170 171
170 182
170 249
171 172
172 173
173 174
174 175
175 176
177 178
178 179
182 186
183 284
186 239
187 188
188 206
191 192
191 193
194 195
194 207
195 196
196 197
198 199
199 200
200 201
203 204
206 207
208 245
209 210
210 211
211 212
212 213
213 214
216 217
217 218
220 294
225 226
227 228
228 229
229 230
230 231
231 232
232 233
233 234
234 235
235 236
238 262
240 241
241 242
242 243
243 244
244 260
245 258
246 247
246 263
247 306
248 249
248 257
250 251
251 252
251 256
254 255
260 261
264 265
268 269
271 272
272 273
273 274
274 275
275 276
276 277
277 278
281 282
283 284
286 288
288 289
291 292
292 293
298 299
303 304
304 305
305 306
307 320
308 309
308 319
309 310
310 311
311 312
311 341
312 313
313 314
314 315
315 318
316 317
317 318
319 320
323 324
324 325
325 326
326 327
328 329
329 330
330 331
331 332
332 333
333 334
334 335
340 341
